0	-0.191572	-0.981478	1
1	-0.913029	-0.289019	0.957682
2	-1.6748	0.358823	1.71281
3	-1.25959	-0.550902	1.3748
4	-1.25959	-0.550902	1.3748
5	-1.25959	-0.550902	1.3748
6	-2.23366	-0.777176	2.365
7	-2.92279	-1.50181	3.28605
8	-3.46325	-2.34318	4.18146
9	-3.85222	-3.26443	5.04937
10	-4.54179	-3.98865	6.0446
11	-5.2539	-4.69072	7.04317
12	-6.14305	-5.14833	8.01513
13	-6.70341	-4.32007	7.97488
14	-6.00027	-3.60902	7.00202
15	-6.10372	-4.60365	7.64519
16	-6.84432	-5.27559	8.64156
17	-5.94332	-4.84177	7.66589
18	-5.28113	-5.5911	7.69096
19	-4.55209	-6.27558	7.7527
20	-3.82532	-5.5887	6.77249
21	-4.63993	-5.0087	6.82759
22	-3.90034	-4.33565	5.83185
23	-2.94008	-4.05654	5.00995
24	-2.13416	-4.64857	5.11506
25	-2.35394	-3.67302	4.36258
26	-2.93712	-4.48536	5.36145
27	-3.57398	-3.71439	5.15461
28	-4.37336	-3.11356	5.36847
29	-5.34475	-3.35104	6.30839
30	-5.5754	-4.32408	7.05569
31	-5.0244	-5.15858	7.20108
32	-5.0244	-5.15858	7.20108
33	-4.14117	-5.62752	6.98701
34	-4.14117	-5.62752	6.98701
35	-4.53155	-4.70687	6.53373
36	-4.9494	-3.79835	6.23892
37	-4.38072	-4.62091	6.36738
38	-4.97688	-5.42378	7.36116
39	-4.97688	-5.42378	7.36116
40	-4.22668	-4.76257	6.36764
41	-3.65405	-5.58238	6.67196
42	-3.19754	-6.4721	7.21889
43	-3.19754	-6.4721	7.21889
44	-2.59888	-5.6711	6.23824
45	-2.59888	-5.6711	6.23824
46	-3.46773	-5.17603	6.23028
47	-4.37745	-5.59124	7.10099
48	-3.59508	-6.21406	7.17907
49	-3.10939	-5.33993	6.17925
50	-2.5021	-4.54545	5.1886
51	-2.5021	-4.54545	5.1886
52	-2.88862	-5.46773	6.18386
53	-2.88862	-5.46773	6.18386
54	-3.73491	-4.935	6.189
55	-4.53391	-4.33367	6.27192
56	-4.3155	-5.30952	6.84212
57	-3.71734	-6.1109	7.15274
58	-3.08236	-5.33837	6.16434
59	-3.08236	-5.33837	6.16434
60	-4.08211	-5.31601	6.70251
61	-3.5476	-6.16117	7.10954
62	-3.89416	-5.22314	6.51503
63	-2.89927	-5.12215	5.88576
64	-3.38114	-5.99839	6.88569
65	-2.8892	-5.12776	5.88569
66	-3.64716	-5.78006	6.83454
67	-3.64716	-5.78006	6.83454
68	-2.72002	-5.40536	6.05115
69	-1.72097	-5.36177	5.63119
70	-2.64725	-4.98494	5.64425
71	-3.27223	-5.76558	6.62944
72	-2.32207	-5.45381	5.92757
73	-1.60465	-4.75718	5.02052
74	-1.60465	-4.75718	5.02052
75	-1.60465	-4.75718	5.02052
76	-1.51031	-5.75272	5.94767
77	-1.6265	-4.75949	5.02974
78	-0.759662	-4.26089	4.32808
79	0.0262128	-4.87928	4.87935
80	0.507461	-5.75586	5.77819
81	0.836551	-4.81157	4.88375
82	0.16812	-5.55534	5.55788
83	0.16812	-5.55534	5.55788
84	0.821955	-6.31198	6.36527
85	1.72373	-6.74418	6.96098
86	2.628	-6.31721	6.84204
87	3.47292	-5.78233	6.74511
88	4.0499	-4.96557	6.4077
89	3.41445	-5.73771	6.67681
90	2.90809	-6.60003	7.21231
91	2.90809	-6.60003	7.21231
92	2.41342	-7.46911	7.84934
93	2.41342	-7.46911	7.84934
94	1.77836	-6.69665	6.92876
95	0.886	-7.14798	7.20268
96	1.7733	-6.68679	6.91793
97	0.792279	-6.49288	6.54104
98	1.58575	-7.10148	7.27638
99	1.46701	-6.10856	6.28224
100	2.43871	-6.34478	6.79732
101	2.43871	-6.34478	6.79732
102	1.45718	-6.15347	6.32365
103	0.577407	-6.62886	6.65396
104	1.01192	-7.52953	7.59722
105	0.44306	-6.70709	6.72171
106	1.32175	-6.2297	6.36838
107	1.32175	-6.2297	6.36838
108	0.63867	-5.49936	5.53632
109	0.63867	-5.49936	5.53632
110	7.82925e-05	-6.26891	6.26891
111	-0.996767	-6.34828	6.42606
112	-0.996767	-6.34828	6.42606
113	-0.126479	-6.84082	6.84199
114	-0.126479	-6.84082	6.84199
115	-0.985956	-7.352	7.41782
116	-1.34886	-8.28383	8.39292
117	-0.645512	-7.57298	7.60044
118	-1.08891	-8.46931	8.53902
119	-1.08891	-8.46931	8.53902
120	-1.47205	-7.54562	7.68787
121	-1.47205	-7.54562	7.68787
122	-1.47205	-7.54562	7.68787
123	-0.939699	-6.6991	6.76468
124	-0.322853	-7.48618	7.49314
125	-0.322853	-7.48618	7.49314
126	-0.322853	-7.48618	7.49314
127	0.353091	-8.22313	8.23071
128	0.242638	-9.21701	9.22021
129	0.242638	-9.21701	9.22021
130	0.242638	-9.21701	9.22021
131	0.242638	-9.21701	9.22021
132	-0.290654	-8.37108	8.37613
133	-0.956612	-7.62509	7.68486
134	-0.124026	-8.17899	8.17993
135	0.597431	-8.87145	8.89154
136	-0.287894	-9.33642	9.34086
137	-0.676223	-8.4149	8.44203
138	0.190148	-8.9143	8.91633
139	-0.782168	-9.14797	9.18134
140	-0.602725	-8.1642	8.18642
141	-0.0104412	-7.35847	7.35848
142	-0.576303	-6.53397	6.55933
143	-0.576303	-6.53397	6.55933
144	-1.43955	-6.02919	6.19867
145	-0.519444	-5.63753	5.66141
146	-1.1893	-4.89503	5.03744
147	-0.56865	-4.11094	4.15008
148	-0.56865	-4.11094	4.15008
149	-1.212	-3.34537	3.55815
150	-1.272	-4.34357	4.52599
151	-1.272	-4.34357	4.52599
152	-0.380654	-3.89025	3.90883
153	0.373999	-4.54637	4.56173
154	-0.0955756	-5.42926	5.43011
155	0.462636	-4.59957	4.62277
156	-0.162184	-5.38033	5.38278
157	-1.04207	-5.85552	5.94752
158	-1.98922	-5.53474	5.88136
159	-1.1916	-4.93158	5.0735
160	-1.1916	-4.93158	5.0735
161	-1.85929	-4.18713	4.58138
162	-2.42027	-5.01496	5.56844
163	-1.8994	-5.8686	6.16832
164	-1.21042	-5.14383	5.28432
165	-1.93139	-5.83679	6.14804
166	-1.8299	-4.84195	5.1762
167	-0.893684	-4.49053	4.57859
168	-1.6996	-5.08256	5.3592
169	-1.6996	-5.08256	5.3592
170	-0.716848	-5.26749	5.31604
171	-1.67544	-4.98271	5.25685
172	-2.60216	-4.60694	5.29104
173	-3.13347	-5.45412	6.29015
174	-3.78754	-6.21056	7.27437
175	-4.78202	-6.10567	7.75545
176	-4.24864	-5.2598	6.76139
177	-5.12454	-5.7423	7.69642
178	-4.21399	-6.1557	7.45991
179	-4.80059	-6.96557	8.4596
180	-3.95012	-6.43955	7.55455
181	-4.53672	-5.62967	7.23015
182	-4.43376	-6.62436	7.97122
183	-4.43376	-6.62436	7.97122
184	-3.51523	-7.01971	7.85068
185	-2.51989	-7.11614	7.54913
186	-3.50762	-6.95994	7.79385
187	-3.00962	-6.09276	6.79555
188	-2.25782	-5.43337	5.88381
189	-1.43563	-4.86416	5.07159
190	-0.662003	-5.4978	5.53751
191	-1.26084	-4.69692	4.86321
192	-1.26084	-4.69692	4.86321
193	-1.68191	-5.60395	5.8509
194	-1.68191	-5.60395	5.8509
195	-0.738454	-5.27244	5.3239
196	-0.738454	-5.27244	5.3239
197	-0.99633	-4.30626	4.42002
198	-0.900936	-3.31082	3.43121
199	-0.900936	-3.31082	3.43121
200	-1.46891	-4.13386	4.38709
201	-0.635248	-4.68613	4.72899
202	-0.0506117	-3.87484	3.87517
203	-0.0506117	-3.87484	3.87517
204	-0.318007	-4.83842	4.84886
205	0.658108	-4.62117	4.66779
206	-0.219331	-4.14148	4.14728
207	0.38333	-4.93948	4.95433
208	-0.496727	-4.46461	4.49216
209	0.177439	-5.20319	5.20621
210	0.0466719	-6.1946	6.19478
211	0.816412	-5.55624	5.6159
212	1.52985	-6.25696	6.44127
213	0.892281	-5.48657	5.55865
214	0.892281	-5.48657	5.55865
215	0.255649	-6.25774	6.26296
216	0.984072	-6.94286	7.01226
217	1.77236	-7.55817	7.76319
218	2.68893	-7.95804	8.40005
219	1.88364	-8.55092	8.75593
220	1.61234	-7.58842	7.75782
221	1.90594	-8.54435	8.75434
222	2.65079	-7.87712	8.31118
223	1.80675	-7.34083	7.55991
224	1.22314	-6.5288	6.64239
225	0.64366	-5.71382	5.74996
226	0.64366	-5.71382	5.74996
227	1.03353	-4.79295	4.90311
228	1.78039	-4.12796	4.49554
229	2.22141	-3.23047	3.92054
230	2.9045	-3.96081	4.91163
231	3.90399	-3.99243	5.58397
232	3.90399	-3.99243	5.58397
233	2.9711	-3.63229	4.69265
234	3.79195	-3.06116	4.87335
235	3.79195	-3.06116	4.87335
236	3.79195	-3.06116	4.87335
237	4.53073	-3.7351	5.87184
238	4.07708	-2.84392	4.97096
239	3.08194	-2.74543	4.12744
240	2.40305	-2.0112	3.13362
241	3.02962	-2.79056	4.11896
242	2.15441	-2.30682	3.15641
243	1.16446	-2.44824	2.71106
244	1.16446	-2.44824	2.71106
245	1.84284	-3.18295	3.67794
246	1.84284	-3.18295	3.67794
247	1.66368	-2.19913	2.75754
248	2.56429	-1.76451	3.11272
249	2.08795	-2.64377	3.36883
250	2.64508	-3.47419	4.36652
251	3.60597	-3.75114	5.20327
252	3.8501	-4.72088	6.09179
253	3.8501	-4.72088	6.09179
254	3.52131	-3.77648	5.16347
255	2.84367	-3.04108	4.16349
256	3.64392	-3.64075	5.15104
257	3.64392	-3.64075	5.15104
258	2.67873	-3.37922	4.31215
259	2.67873	-3.37922	4.31215
260	3.33637	-2.62589	4.24578
261	2.4129	-2.24222	3.29388
262	3.2532	-2.78435	4.28204
263	2.76473	-1.91177	3.36134
264	2.76473	-1.91177	3.36134
265	2.59239	-0.926729	2.75306
266	2.59239	-0.926729	2.75306
267	3.47783	-0.461971	3.50838
268	2.50721	-0.221347	2.51697
269	1.79532	0.480935	1.85862
270	1.79532	0.480935	1.85862
271	2.78258	0.639995	2.85524
272	3.5192	-0.036319	3.51939
273	3.97505	-0.926375	4.08157
274	3.97505	-0.926375	4.08157
275	4.4138	-1.82499	4.77621
276	3.92635	-2.69814	4.76406
277	3.63982	-3.65621	5.15909
278	3.63982	-3.65621	5.15909
279	4.2599	-2.87167	5.13744
280	5.1609	-2.43785	5.70772
281	5.1609	-2.43785	5.70772
282	5.52187	-1.50528	5.72337
283	6.4294	-1.92528	6.71147
284	5.7694	-1.17401	5.88764
285	5.00057	-1.81346	5.31924
286	4.09929	-1.38022	4.32541
287	5.03342	-1.73715	5.32476
288	4.44334	-2.54449	5.12032
289	4.44334	-2.54449	5.12032
290	4.44334	-2.54449	5.12032
291	4.99651	-3.37756	6.031
292	5.817	-3.94922	7.03092
293	4.88958	-4.32326	6.52676
294	4.52462	-5.25428	6.93394
295	3.7108	-5.8354	6.91534
296	4.49921	-5.22025	6.89159
297	5.23427	-5.89827	7.88588
298	4.3284	-6.32182	7.66162
299	4.3284	-6.32182	7.66162
300	5.16014	-6.87698	8.59767
301	5.96083	-6.2779	8.65699
302	5.96083	-6.2779	8.65699
303	5.96083	-6.2779	8.65699
304	5.96083	-6.2779	8.65699
305	6.87892	-5.88154	9.05053
306	6.06124	-5.30586	8.05549
307	6.75881	-6.02238	9.05266
308	7.27679	-6.87778	10.0128
309	8.26345	-7.04057	10.8561
310	8.84534	-7.85383	11.8289
311	9.80383	-7.5687	12.3855
312	10.5118	-8.27496	13.3781
313	10.5118	-8.27496	13.3781
314	10.8622	-9.21155	14.2422
315	11.3933	-8.3642	14.1339
316	11.1437	-7.39585	13.3746
317	11.2767	-6.40474	12.9686
318	12.0189	-5.73459	13.3169
319	12.9423	-6.11839	14.3157
320	12.9423	-6.11839	14.3157
321	12.5385	-5.20356	13.5754
322	11.5986	-5.54503	12.8559
323	11.7835	-6.52778	13.4708
324	12.7461	-6.25686	14.199
325	11.7975	-6.5734	13.5052
326	10.8289	-6.8218	12.7985
327	10.4536	-7.74873	13.0124
328	10.3414	-6.75505	12.3521
329	10.8817	-7.59653	13.271
330	10.8817	-7.59653	13.271
331	10.0381	-8.13356	12.9197
332	10.9037	-8.63436	13.9084
333	10.2287	-7.89653	12.9221
334	10.8138	-7.08554	12.9284
335	10.0894	-7.77496	12.7376
336	9.6486	-8.67257	12.9734
337	9.15131	-9.54015	13.2197
338	10.0732	-9.92758	14.1431
339	10.8465	-10.5616	15.1392
340	11.8117	-10.3001	15.6719
341	12.7698	-10.0137	16.2279
342	12.7698	-10.0137	16.2279
343	12.7698	-10.0137	16.2279
344	13.569	-9.41264	16.5141
345	12.8093	-10.0629	16.2892
346	13.6809	-9.57277	16.6975
347	14.2468	-10.3973	17.6373
348	13.3246	-10.7839	17.1417
349	13.3246	-10.7839	17.1417
350	13.3246	-10.7839	17.1417
351	13.3246	-10.7839	17.1417
352	14.0812	-10.1301	17.3465
353	14.7539	-10.87	18.3258
354	15.0698	-9.92123	18.0425
355	15.3631	-8.9652	17.7876
356	14.4253	-9.31247	17.1701
357	15.3103	-9.77809	18.1663
358	15.3103	-9.77809	18.1663
359	15.3103	-9.77809	18.1663
360	15.9257	-8.98986	18.2878
361	15.1256	-8.38995	17.2967
362	15.192	-9.38775	17.8585
363	15.192	-9.38775	17.8585
364	15.192	-9.38775	17.8585
365	14.2828	-8.97121	16.8666
366	13.3043	-8.7653	15.9322
367	13.4012	-7.77001	15.4908
368	13.6612	-8.73562	16.2154
369	12.979	-8.00446	15.2488
370	12.2665	-8.7061	15.042
371	11.4361	-9.26323	14.717
372	10.7468	-8.53873	13.726
373	10.0952	-7.78018	12.7453
374	10.0952	-7.78018	12.7453
375	9.58625	-6.91937	11.8226
376	8.59984	-7.08368	11.1416
377	7.76678	-7.63686	10.8924
378	7.37231	-8.55577	11.2939
379	7.74608	-9.48329	12.2448
380	8.24468	-8.61646	11.9255
381	7.31883	-8.99435	11.5958
382	7.31883	-8.99435	11.5958
383	7.31883	-8.99435	11.5958
384	8.08499	-9.637	12.5793
385	8.41331	-10.5816	13.5186
386	8.41331	-10.5816	13.5186
387	8.53781	-11.5738	14.3822
388	8.53781	-11.5738	14.3822
389	7.81677	-12.2667	14.5456
390	8.30319	-13.1404	15.5439
391	9.07065	-13.7815	16.4987
392	8.41988	-13.0222	15.5072
393	8.17229	-12.0534	14.5626
394	9.08273	-12.467	15.4247
395	8.63196	-13.3596	15.9057
396	8.63196	-13.3596	15.9057
397	7.74398	-12.8997	15.0457
398	8.64187	-13.34	15.8945
399	9.6113	-13.0946	16.2433
400	9.32529	-12.1364	15.3053
401	9.32529	-12.1364	15.3053
402	9.32529	-12.1364	15.3053
403	9.44446	-11.1435	14.6074
404	9.44446	-11.1435	14.6074
405	9.44446	-11.1435	14.6074
406	10.0395	-10.3398	14.4119
407	10.3093	-11.3027	15.2982
408	10.3093	-11.3027	15.2982
409	11.0716	-11.95	16.2906
410	11.0716	-11.95	16.2906
411	10.3904	-11.2179	15.2906
412	9.3931	-11.2914	14.6876
413	8.90361	-10.4194	13.7054
414	8.90361	-10.4194	13.7054
415	8.72726	-11.4037	14.36
416	8.92949	-10.4244	13.726
417	9.08049	-9.43586	13.0954
418	9.08049	-9.43586	13.0954
419	9.08049	-9.43586	13.0954
420	9.08049	-9.43586	13.0954
421	9.77179	-10.1584	14.0954
422	9.08506	-9.43151	13.0955
423	9.76851	-8.70151	13.0821
424	9.76851	-8.70151	13.0821
425	8.94577	-9.26993	12.8825
426	9.65823	-9.97164	13.8822
427	9.65823	-9.97164	13.8822
428	10.5796	-9.58305	14.2746
429	11.5794	-9.60542	15.0448
430	10.5878	-9.73464	14.3828
431	9.69581	-10.1868	14.0634
432	9.0291	-9.44143	13.0639
433	8.93319	-8.44604	12.2938
434	9.6005	-7.70126	12.3077
435	9.6005	-7.70126	12.3077
436	10.3624	-8.34895	13.3073
437	10.0721	-7.39203	12.4935
438	10.6469	-6.5738	12.5129
439	11.4086	-7.22179	13.5022
440	12.1904	-6.59826	13.8615
441	12.9905	-7.19809	14.8515
442	12.519	-8.07996	14.9001
443	11.5828	-7.72854	13.9245
444	11.5828	-7.72854	13.9245
445	12.3792	-7.1238	14.2826
446	12.3792	-7.1238	14.2826
447	11.4413	-6.77696	13.2978
448	11.4413	-6.77696	13.2978
449	10.8027	-6.00742	12.3607
450	10.1791	-6.78914	12.2355
451	9.45605	-7.47994	12.0568
452	9.45605	-7.47994	12.0568
453	8.9373	-8.33487	12.2207
454	8.78532	-7.34649	11.4522
455	8.78532	-7.34649	11.4522
456	8.78532	-7.34649	11.4522
457	9.75959	-7.1211	12.0814
458	8.96693	-7.73077	11.8394
459	9.93213	-7.9923	12.7485
460	8.98355	-7.67576	11.8162
461	9.7858	-7.07877	12.0777
462	9.56174	-6.10419	11.3441
463	9.28898	-5.14211	10.6173
464	9.28898	-5.14211	10.6173
465	9.97045	-5.87396	11.5721
466	10.754	-5.25259	11.9682
467	9.7867	-4.99882	10.9894
468	10.4716	-4.27019	11.3088
469	11.2325	-3.62134	11.8019
470	10.8009	-4.52339	11.7099
471	9.85428	-4.84573	10.9813
472	10.7708	-5.2456	11.9803
473	10.7708	-5.2456	11.9803
474	11.7024	-5.60934	12.9773
475	11.4091	-6.56537	13.1633
476	11.4091	-6.56537	13.1633
477	12.2661	-6.0501	13.677
478	12.9024	-6.82153	14.5947
479	12.2736	-6.04403	13.681
480	13.1769	-5.6152	14.3235
481	13.5849	-4.70218	14.3756
482	14.4476	-4.19651	15.0447
483	14.4476	-4.19651	15.0447
484	14.9508	-5.06069	15.7841
485	13.9858	-4.7982	14.786
486	14.7805	-4.19116	15.3632
487	13.8018	-4.39658	14.4852
488	13.1294	-3.65645	13.629
489	13.1294	-3.65645	13.629
490	13.246	-4.64963	14.0384
491	14.1061	-5.15972	15.0202
492	14.2686	-6.14644	15.5361
493	13.2907	-6.35572	14.7322
494	14.0387	-5.69194	15.1487
495	14.8849	-5.15912	15.7536
496	14.8849	-5.15912	15.7536
497	15.6402	-5.81448	16.6861
498	15.366	-6.77615	16.7937
499	16.2853	-7.16959	17.7937
500	15.3347	-7.47976	17.0616
501	15.3347	-7.47976	17.0616
502	14.3711	-7.21236	16.0794
503	14.3711	-7.21236	16.0794
504	13.4406	-7.57869	15.43
505	13.0939	-8.51667	15.62
506	13.0939	-8.51667	15.62
507	13.9483	-7.99715	16.0783
508	13.9483	-7.99715	16.0783
509	14.1272	-8.98102	16.7403
510	14.1272	-8.98102	16.7403
511	13.5095	-8.19464	15.8006
512	13.5095	-8.19464	15.8006
513	14.0587	-7.35893	15.8682
514	14.0587	-7.35893	15.8682
515	13.254	-6.76522	14.8807
516	12.5044	-6.10333	13.9144
517	11.8454	-6.85546	13.6861
518	12.356	-5.99563	13.7338
519	11.7461	-6.7881	13.5664
520	12.3146	-5.96542	13.6834
521	13.2172	-5.53495	14.3293
522	12.3241	-5.08495	13.332
523	11.6638	-4.33395	12.443
524	12.0403	-3.40751	12.5132
525	12.8436	-2.81202	13.1479
526	12.0638	-2.18609	12.2602
527	12.0638	-2.18609	12.2602
528	11.2184	-2.72022	11.5435
529	11.9472	-2.03553	12.1194
530	11.9472	-2.03553	12.1194
531	12.7431	-2.64092	13.0139
532	11.9056	-2.09457	12.0884
533	12.2249	-3.0422	12.5978
534	13.038	-2.45996	13.268
535	12.0753	-2.18922	12.2722
536	12.0753	-2.18922	12.2722
537	12.3247	-3.15762	12.7228
538	12.3247	-3.15762	12.7228
539	11.3838	-2.81895	11.7276
540	11.3838	-2.81895	11.7276
541	10.9869	-1.90107	11.1502
542	11.6628	-2.63809	11.9575
543	10.8062	-3.15414	11.2572
544	11.4749	-2.41056	11.7254
545	11.4749	-2.41056	11.7254
546	11.4749	-2.41056	11.7254
547	11.4749	-2.41056	11.7254
548	11.4749	-2.41056	11.7254
549	11.9149	-3.30856	12.3657
550	12.4998	-4.11967	13.1612
551	12.1741	-3.17421	12.5811
552	12.8152	-2.40681	13.0393
553	12.2028	-3.19732	12.6147
554	12.9318	-3.88186	13.5018
555	12.0376	-4.32963	12.7926
556	12.0376	-4.32963	12.7926
557	12.8274	-3.7162	13.3548
558	13.6458	-3.14166	14.0028
559	13.213	-4.04316	13.8178
560	12.3941	-3.46922	12.8705
561	12.3941	-3.46922	12.8705
562	11.4041	-3.32851	11.8799
563	10.5662	-3.8744	11.2542
564	10.5662	-3.8744	11.2542
565	11.3269	-4.52356	12.1968
566	10.6397	-3.79706	11.297
567	11.3163	-3.06072	11.7229
568	10.5419	-2.4281	10.8179
569	10.5419	-2.4281	10.8179
570	10.9876	-3.32326	11.4792
571	10.9876	-3.32326	11.4792
572	11.775	-2.70681	12.0821
573	11.775	-2.70681	12.0821
574	12.4158	-1.93909	12.5663
575	11.5806	-2.48909	11.8451
576	10.9961	-1.67773	11.1233
577	10.1707	-1.11311	10.2315
578	10.1707	-1.11311	10.2315
579	10.1707	-1.11311	10.2315
580	11.0661	-1.55853	11.1753
581	11.789	-2.2494	12.0017
582	12.4612	-1.50899	12.5522
583	11.5847	-1.99045	11.7545
584	10.7739	-1.40522	10.8651
585	10.1156	-2.15801	10.3432
586	9.47726	-2.92775	9.91918
587	9.47726	-2.92775	9.91918
588	9.39241	-3.92414	10.1792
589	10.0131	-3.14012	10.494
590	10.0131	-3.14012	10.494
591	9.22358	-2.52644	9.56333
592	8.77894	-3.42215	9.42236
593	9.16183	-4.34595	10.1403
594	9.4395	-5.30662	10.8289
595	9.4395	-5.30662	10.8289
596	8.60559	-4.75472	9.83176
597	9.10228	-5.62265	10.6989
598	10.0081	-6.0462	11.6927
599	9.03357	-6.27026	10.9964
600	9.87506	-6.81053	11.9958
601	9.13722	-6.13555	11.0061
602	9.99984	-6.64142	12.0044
603	9.99984	-6.64142	12.0044
604	10.7274	-5.95534	12.2696
605	10.3948	-5.01226	11.5401
606	11.1662	-5.64858	12.5136
607	11.7289	-4.8219	12.6814
608	11.2469	-3.94571	11.919
609	10.2748	-3.71119	10.9245
610	10.2748	-3.71119	10.9245
611	9.29257	-3.52358	9.93818
612	9.05805	-4.49569	10.1123
613	9.05805	-4.49569	10.1123
614	9.40112	-3.55638	10.0513
615	9.99845	-2.75438	10.3709
616	10.8821	-3.22246	11.3492
617	9.94501	-3.57146	10.5669
618	10.8753	-3.9382	11.5664
619	10.1123	-3.29183	10.6346
620	10.9419	-3.85022	11.5995
621	11.2594	-4.79848	12.2392
622	10.4993	-4.14864	11.2892
623	10.1696	-3.20455	10.6626
624	9.63483	-2.35956	9.91955
625	9.06396	-1.53853	9.1936
626	8.60374	-2.42633	8.93932
627	8.06254	-1.58544	8.21694
628	8.06254	-1.58544	8.21694
629	8.06254	-1.58544	8.21694
630	8.99463	-1.22323	9.07743
631	8.36941	-2.00368	8.60591
632	8.91659	-1.16666	8.99258
633	8.6136	-0.213662	8.61625
634	8.36906	-1.1833	8.4523
635	7.51771	-0.658706	7.54651
636	7.87041	0.277029	7.87529
637	8.57858	0.983075	8.63472
638	7.59812	1.1798	7.68917
639	8.45229	1.6998	8.62151
640	9.40007	1.38089	9.50096
641	8.81211	2.18978	9.08011
642	9.17776	3.12053	9.69376
643	9.97588	3.72303	10.648
644	9.97588	3.72303	10.648
645	9.08308	4.17347	9.99601
646	8.3933	4.89749	9.71765
647	7.6556	4.22236	8.7428
648	7.6556	4.22236	8.7428
649	8.45322	3.6192	9.19541
650	8.42005	4.61865	9.6036
651	7.43628	4.43921	8.66054
652	6.798	3.6694	7.72511
653	6.798	3.6694	7.72511
654	7.34445	2.83191	7.87151
655	8.30382	2.54977	8.68647
656	7.69727	1.75472	7.89475
657	7.69727	1.75472	7.89475
658	7.15709	0.913178	7.21511
659	8.02732	1.40582	8.14949
660	7.10547	1.01827	7.17807
661	7.79786	1.73979	7.98959
662	8.28325	0.865494	8.32834
663	8.83975	1.69634	9.00104
664	8.83975	1.69634	9.00104
665	8.63901	0.716694	8.66868
666	8.09633	-0.123246	8.09726
667	8.92861	0.4311	8.93901
668	9.03302	1.42564	9.14482
669	9.03302	1.42564	9.14482
670	8.32421	0.720228	8.35531
671	8.41024	1.71652	8.58362
672	9.10565	2.43513	9.42564
673	9.10565	2.43513	9.42564
674	9.10565	2.43513	9.42564
675	9.90013	1.82784	10.0675
676	9.62282	2.78862	10.0187
677	8.72739	2.34343	9.03654
678	8.72739	2.34343	9.03654
679	8.72739	2.34343	9.03654
680	8.72739	2.34343	9.03654
681	8.72739	2.34343	9.03654
682	8.72739	2.34343	9.03654
683	8.72739	2.34343	9.03654
684	9.72564	2.28427	9.99029
685	8.83998	2.74859	9.25743
686	9.37289	1.90242	9.56401
687	9.84215	1.01936	9.89479
688	9.84215	1.01936	9.89479
689	9.07945	1.66612	9.23106
690	9.07945	1.66612	9.23106
691	8.17066	2.08338	8.43209
692	8.17066	2.08338	8.43209
693	9.02874	2.59689	9.39479
694	9.87998	3.12168	10.3614
695	8.96025	2.72912	9.36665
696	9.33787	1.80316	9.51038
697	10.3073	1.5576	10.4243
698	10.3073	1.5576	10.4243
699	9.69016	2.3445	9.96975
700	9.51325	3.32872	10.0788
701	9.51325	3.32872	10.0788
702	8.64336	2.83547	9.09657
703	7.77382	2.34161	8.11883
704	8.07681	3.2946	8.72291
705	8.45628	4.2198	9.45068
706	8.45628	4.2198	9.45068
707	9.40528	4.53508	10.4416
708	10.1507	3.86852	10.8629
709	9.81832	4.81166	10.934
710	9.19904	4.02648	10.0417
711	10.1074	3.60839	10.7322
712	10.539	4.5105	11.4636
713	9.71391	3.94543	10.4846
714	9.71391	3.94543	10.4846
715	9.94843	4.91754	11.0975
716	9.56607	5.84156	11.2086
717	8.65136	5.43745	10.2182
718	9.1868	6.28202	11.1293
719	10.157	6.03954	11.8169
720	10.157	6.03954	11.8169
721	9.45696	6.75368	11.6209
722	9.45696	6.75368	11.6209
723	9.45696	6.75368	11.6209
724	10.2767	7.32648	12.6209
725	11.178	7.75949	13.6073
726	10.245	7.39963	12.6378
727	11.0885	6.86251	13.0403
728	11.2683	5.87879	12.7096
729	11.2683	5.87879	12.7096
730	10.9752	4.92271	12.0286
731	10.3186	5.67696	11.7771
732	11.2216	6.10649	12.7755
733	11.7509	5.25803	12.8736
734	10.9167	4.70648	11.8881
735	10.8014	3.71315	11.4218
736	10.8014	3.71315	11.4218
737	10.5921	2.7353	10.9396
738	9.84721	3.40246	10.4185
739	8.91212	3.75686	9.6716
740	8.91212	3.75686	9.6716
741	9.69939	4.37346	10.6398
742	9.69939	4.37346	10.6398
743	10.6959	4.45653	11.5872
744	9.77409	4.84408	10.9086
745	9.3232	5.73667	10.9468
746	10.1895	6.23626	11.9464
747	10.1895	6.23626	11.9464
748	11.1738	6.41233	12.883
749	10.2806	6.862	12.3604
750	10.9671	6.13481	12.5663
751	10.9671	6.13481	12.5663
752	11.7395	5.49968	12.9639
753	11.7395	5.49968	12.9639
754	10.9681	4.86336	11.9979
755	11.5395	5.68403	12.8634
756	12.0896	6.51907	13.7353
757	11.1386	6.8281	13.0649
758	11.6603	5.97499	13.102
759	12.4744	6.55577	14.0921
760	12.4744	6.55577	14.0921
761	12.4744	6.55577	14.0921
762	13.3701	6.11113	14.7005
763	13.9883	6.89714	15.5963
764	13.9883	6.89714	15.5963
765	14.5274	6.05488	15.7387
766	14.5274	6.05488	15.7387
767	15.1155	6.86364	16.6009
768	15.1155	6.86364	16.6009
769	15.1155	6.86364	16.6009
770	15.8815	6.22083	17.0564
771	15.2344	6.9832	16.7586
772	15.9433	6.27786	17.1347
773	16.8851	6.61387	18.1342
774	16.1412	7.28215	17.7079
775	16.5884	8.17658	18.4941
776	16.8663	9.1372	19.1823
777	16.8663	9.1372	19.1823
778	16.8663	9.1372	19.1823
779	17.8026	9.48849	20.1733
780	18.7468	9.81773	21.162
781	18.7468	9.81773	21.162
782	18.7468	9.81773	21.162
783	19.4045	9.06447	21.4173
784	18.9769	8.16053	20.6571
785	17.9901	8.3227	19.822
786	17.9901	8.3227	19.822
787	18.4956	9.18555	20.6509
788	18.4323	10.1835	21.0584
789	17.7778	10.9396	20.874
790	18.579	11.538	21.8702
791	18.0438	12.3828	21.8841
792	18.8921	12.9124	22.8832
793	17.9687	13.2964	22.3533
794	17.447	12.4433	21.4298
795	17.0103	13.3429	21.6191
796	17.812	12.7452	21.9022
797	18.7355	12.3615	22.4461
798	19.6983	12.6315	23.4004
799	19.6983	12.6315	23.4004
800	19.8772	13.6154	24.0932
801	20.4322	14.4473	25.0239
802	20.8405	13.5344	24.8497
803	19.9849	13.0168	23.8502
804	19.9849	13.0168	23.8502
805	20.9668	12.8276	24.5795
806	21.3333	13.758	25.3849
807	22.1917	13.2451	25.8438
808	22.1917	13.2451	25.8438
809	22.1917	13.2451	25.8438
810	22.5464	12.3101	25.6881
811	23.4982	12.6169	26.6711
812	23.1921	11.6649	25.9604
813	22.6964	12.5334	25.927
814	21.8118	12.9999	25.392
815	22.7124	12.5651	25.9564
816	22.0115	11.8518	24.9995
817	21.4559	11.0204	24.1206
818	21.4971	10.0213	23.7181
819	22.3064	9.43391	24.2193
820	22.2554	10.4326	24.5793
821	22.8548	11.233	25.4661
822	23.77	10.8301	26.121
823	23.0367	11.5099	25.752
824	23.0367	11.5099	25.752
825	23.7285	12.232	26.6957
826	22.778	11.9213	25.709
827	23.2885	11.0615	25.7819
828	23.9179	10.2844	26.0353
829	23.006	10.6949	25.3704
830	22.7476	9.72888	24.7407
831	21.8226	9.34888	23.7408
832	22.246	8.44295	23.7943
833	22.246	8.44295	23.7943
834	22.246	8.44295	23.7943
835	22.246	8.44295	23.7943
836	22.9035	9.19641	24.6809
837	22.9601	8.19801	24.3798
838	22.9601	8.19801	24.3798
839	22.5914	9.12758	24.3657
840	21.8433	8.46411	23.4258
841	21.8433	8.46411	23.4258
842	21.3865	7.5745	22.6882
843	21.5929	8.55297	23.2251
844	22.3736	7.92799	23.7367
845	23.3252	7.62074	24.5385
846	22.6942	8.3965	24.1976
847	22.6942	8.3965	24.1976
848	23.4986	7.80245	24.7601
849	23.4986	7.80245	24.7601
850	23.4986	7.80245	24.7601
851	24.2613	7.15569	25.2945
852	23.4816	6.52951	24.3725
853	22.7285	7.18746	23.8379
854	23.4979	6.54863	24.3933
855	22.6518	7.08174	23.733
856	22.6518	7.08174	23.733
857	21.9811	6.34005	22.8772
858	22.2102	5.36665	22.8494
859	21.7578	4.47486	22.2132
860	20.7851	4.24291	21.2137
861	20.1171	4.98715	20.7261
862	20.5194	5.90269	21.3515
863	20.9748	6.79297	22.0474
864	20.9748	6.79297	22.0474
865	21.692	6.09612	22.5323
866	20.7396	6.40075	21.7048
867	21.5133	7.03423	22.6341
868	22.1719	7.78669	23.4995
869	21.7235	6.89288	22.7908
870	21.2344	7.76512	22.6097
871	20.6459	8.57357	22.3553
872	20.5066	7.58332	21.8638
873	19.913	6.77852	21.0351
874	20.3413	7.68218	21.7436
875	20.0298	6.73192	21.1309
876	20.3123	5.77265	21.1167
877	21.1657	5.2514	21.8075
878	21.9144	5.91435	22.6985
879	21.04	6.39953	21.9917
880	20.1627	5.91963	21.0137
881	20.8512	6.64482	21.8844
882	21.6288	6.01601	22.4499
883	21.5183	7.0099	22.6313
884	22.4902	7.24527	23.6285
885	22.6741	6.26231	23.523
886	22.7041	7.26186	23.8371
887	22.7041	7.26186	23.8371
888	23.0749	8.19057	24.4854
889	22.3406	7.51168	23.5697
890	22.7053	8.4428	24.2242
891	22.3416	9.37431	24.2286
892	23.1322	9.98668	25.1959
893	23.9355	9.39111	25.7119
894	23.3226	10.1813	25.448
895	22.5386	10.802	24.9934
896	22.0182	11.656	24.9131
897	21.222	12.2609	24.5092
898	20.466	12.9156	24.2007
899	19.6014	12.4132	23.2014
900	20.1348	11.5673	23.221
901	20.8866	12.2267	24.2021
902	20.2525	11.4535	23.2668
903	19.4641	10.8384	22.2782
904	20.3007	11.3862	23.2758
905	19.514	10.7688	22.2882
906	19.514	10.7688	22.2882
907	20.1251	11.5604	23.2091
908	19.9354	12.5422	23.5526
909	20.7172	11.9187	23.9009
910	21.3514	12.6918	24.8388
911	22.0479	11.9741	25.0896
912	22.917	11.4796	25.6314
913	23.7689	10.9559	26.1724
914	23.0821	11.6828	25.8703
915	22.2622	12.2552	25.4125
916	22.9077	13.019	26.3487
917	23.7797	13.5084	27.3487
918	23.9977	12.5325	27.0731
919	24.3788	13.457	27.8463
920	23.4315	13.1368	26.8628
921	23.9871	13.9683	27.7578
922	23.9871	13.9683	27.7578
923	23.1247	13.4621	26.7578
924	22.4606	14.2098	26.5781
925	21.8498	13.418	25.6409
926	20.9568	13.8682	25.13
927	21.6851	14.5535	26.1161
928	21.6851	14.5535	26.1161
929	22.5509	14.053	26.5712
930	22.5509	14.053	26.5712
931	22.5509	14.053	26.5712
932	21.6635	14.5141	26.0762
933	20.8686	13.9074	25.0781
934	20.8686	13.9074	25.0781
935	21.5544	13.1796	25.2644
936	21.1187	14.0797	25.3818
937	20.7808	13.1385	24.5858
938	20.7808	13.1385	24.5858
939	20.0776	12.4275	23.6125
940	20.3243	11.4585	23.3318
941	19.7289	10.655	22.4223
942	18.8484	10.1811	21.4223
943	18.8484	10.1811	21.4223
944	18.8484	10.1811	21.4223
945	19.4314	9.36864	21.572
946	19.4314	9.36864	21.572
947	19.7961	10.2998	22.3152
948	19.7961	10.2998	22.3152
949	20.0049	11.2777	22.9648
950	20.731	11.9653	23.9362
951	20.9135	10.9821	23.6216
952	21.8286	11.3852	24.6193
953	22.7633	11.0298	25.2948
954	23.7116	10.7124	26.0191
955	24.5178	11.304	26.9982
956	24.8664	12.2412	27.7161
957	24.8664	12.2412	27.7161
958	23.9213	12.568	27.0219
959	24.7979	12.0869	27.5868
960	25.3606	11.2602	27.748
961	25.5936	10.2878	27.5839
962	24.7786	9.70827	26.6126
963	23.8257	10.0114	25.8436
964	23.8257	10.0114	25.8436
965	24.4624	10.7825	26.7334
966	23.8143	11.544	26.4648
967	24.7857	11.3068	27.2429
968	24.7857	11.3068	27.2429
969	23.7919	11.4181	26.3899
970	24.3582	12.2423	27.2616
971	24.1076	11.2742	26.6136
972	24.1076	11.2742	26.6136
973	24.1076	11.2742	26.6136
974	24.7788	12.0155	27.5384
975	25.5936	11.4358	28.0323
976	25.5936	11.4358	28.0323
977	25.289	12.3882	28.1603
978	25.8837	11.5843	28.3578
979	26.3329	10.6909	28.4204
980	25.9981	11.6332	28.4821
981	25.013	11.8052	27.6589
982	24.5687	10.9093	26.8819
983	24.5687	10.9093	26.8819
984	25.0322	10.0232	26.9643
985	25.0322	10.0232	26.9643
986	25.6321	9.22315	27.241
987	25.6321	9.22315	27.241
988	25.0917	10.0645	27.0349
989	25.0917	10.0645	27.0349
990	24.3163	10.696	26.5648
991	24.3163	10.696	26.5648
992	24.1829	9.70497	26.0576
993	25.0611	10.1832	27.051
994	24.8217	9.21227	26.4761
995	25.1338	10.1623	27.1105
996	25.1338	10.1623	27.1105
997	25.1338	10.1623	27.1105
998	26.0995	9.9027	27.915
999	26.5153	10.8122	28.635
