Molecule data file = molecule.json
         Auto pair = ON
Pair Result:
Molecule1: 
-2  1 -1
 2 -1 -1
 2  1  1
Molecule2: 
 1  1  2
 1 -1 -2
-1  1 -2
-----------------------------------------------
The structure of molecule1:
 2  1 -1 
-2  1 -1 
 2 -1 -1 
-2 -1 -1 
 2  1  1 
-2  1  1 
 2 -1  1 
-2 -1  1 
-----------------------------------------------
The structure of molecule2:
 1  1 -2 
-1  1 -2 
 1 -1 -2 
-1 -1 -2 
 1  1  2 
-1  1  2 
 1 -1  2 
-1 -1  2 
-----------------------------------------------
R.M.S = 
1.53536e-15
    2.82843
    4.47214
    4.47214
-----------------------------------------------
Eigen Values = 
1.88587e-29
         64
        160
        160
-----------------------------------------------
Eigen Vectors = 
           1            0            0            0
           0  1.11022e-16    -0.384615    -0.923077
           0  1.94289e-16     0.923077    -0.384615
           0            1 -1.11022e-16  5.55112e-17
-----------------------------------------------
After the rotation, the structure of molecule1:
 1  1 -2
 1  1  2
-1  1 -2
-1  1  2
 1 -1 -2
 1 -1  2
-1 -1 -2
-1 -1  2
The structure of molecule2:
 1  1 -2
 1  1  2
-1  1 -2
-1  1  2
 1 -1 -2
 1 -1  2
-1 -1 -2
-1 -1  2
