NO. 1 of 1 simulations, nStep= 1000.
Step	 X  	 Y  	 DIST  
1	0.000000	0.000000	0.000000
2	0.000000	0.000000	0.000000
3	0.000000	0.000000	0.000000
4	0.791850	-0.610715	1.000000
5	1.034094	-0.173316	1.048517
6	1.034094	-0.173316	1.048517
7	1.130394	0.822036	1.397689
8	1.548360	0.547619	1.642347
9	1.548360	0.547619	1.642347
10	1.548360	0.547619	1.642347
11	0.552304	0.458885	0.718064
12	0.552304	0.458885	0.718064
13	0.934650	0.781083	1.218057
14	1.373232	0.540987	1.475952
15	1.752127	0.867237	1.955006
16	1.348232	0.572501	1.464748
17	1.235463	1.059618	1.627624
18	2.195000	0.778035	2.328811
19	2.195000	0.778035	2.328811
20	1.938400	0.348900	1.969550
21	1.500046	0.108389	1.503957
22	1.250951	0.541923	1.363290
23	2.074747	1.108809	2.352453
24	2.217161	0.629520	2.304799
25	1.221914	0.532132	1.332757
26	0.879240	-0.407322	0.969007
27	1.729560	0.118944	1.733645
28	1.393272	-0.251069	1.415712
29	1.903669	0.608869	1.998669
30	1.406997	0.666456	1.556857
31	1.509270	0.177028	1.519617
32	1.266668	0.614228	1.407737
33	0.295796	0.853826	0.903612
34	0.379676	0.360912	0.523843
35	0.047636	0.734743	0.736286
36	0.687484	1.503245	1.652991
37	0.986081	2.457624	2.648070
38	0.986081	2.457624	2.648070
39	0.900990	1.964918	2.161639
40	1.396555	1.898469	2.356809
41	0.902287	2.767778	2.911137
42	0.902287	2.767778	2.911137
43	1.298851	3.685785	3.907944
44	1.298851	3.685785	3.907944
45	1.029328	4.106924	4.233951
46	1.034289	5.106911	5.210595
47	1.034289	5.106911	5.210595
48	1.520148	5.224984	5.441627
49	1.520148	5.224984	5.441627
50	1.468244	4.727685	4.950429
51	1.468244	4.727685	4.950429
52	1.449660	5.227340	5.424628
53	2.087073	4.456817	4.921290
54	1.908205	4.923729	5.280564
55	1.649438	5.351560	5.599985
56	0.790083	5.862939	5.915935
57	0.773743	6.362672	6.409545
58	0.773743	6.362672	6.409545
59	0.488250	5.952192	5.972183
60	0.299936	4.970083	4.979125
61	0.299936	4.970083	4.979125
62	0.797954	4.925603	4.989819
63	1.297804	4.937842	5.105544
64	1.388312	3.941947	4.179277
65	0.819289	3.119625	3.225414
66	0.819289	3.119625	3.225414
67	0.319537	3.103888	3.120292
68	0.319537	3.103888	3.120292
69	0.369082	2.606349	2.632352
70	-0.475975	2.071672	2.125648
71	-0.475975	2.071672	2.125648
72	-0.459786	1.071803	1.166261
73	-0.280712	2.055639	2.074717
74	-0.595272	3.004877	3.063272
75	-0.760166	3.991188	4.062934
76	-1.067532	4.942780	5.056747
77	-0.607825	4.746133	4.784896
78	-0.607825	4.746133	4.784896
79	-0.822183	5.197853	5.262477
80	0.101646	5.580658	5.581584
81	-0.347642	5.800067	5.810476
82	-0.394758	4.801178	4.817379
83	0.486441	5.273922	5.296308
84	0.486441	5.273922	5.296308
85	0.842265	4.922654	4.994190
86	0.446977	5.228837	5.247906
87	0.446977	5.228837	5.247906
88	1.289085	5.768146	5.910435
89	2.251262	6.040569	6.446446
90	1.257251	5.931289	6.063074
91	1.257251	5.931289	6.063074
92	1.257251	5.931289	6.063074
93	1.415516	5.456998	5.637598
94	1.440910	4.957643	5.162794
95	1.652476	4.504609	4.798143
96	1.285857	3.574238	3.798500
97	2.222290	3.223390	3.915203
98	2.222290	3.223390	3.915203
99	2.392611	3.693487	4.400731
100	3.365404	3.461812	4.828052
101	2.428374	3.811060	4.518980
102	2.176483	4.778815	5.251110
103	2.176483	4.778815	5.251110
104	1.974816	4.321289	4.751151
105	1.733556	3.350829	3.772700
106	1.983028	4.319211	4.752681
107	2.473685	4.223000	4.894164
108	2.856608	4.544511	5.367755
109	2.856608	4.544511	5.367755
110	3.836952	4.347216	5.798318
111	4.264242	4.087556	5.906935
112	5.140995	4.568498	6.877573
113	4.829981	4.177001	6.385613
114	5.828395	4.120710	7.137958
115	5.979411	3.644061	7.002324
116	5.710205	3.222720	6.556857
117	6.138481	4.126368	7.396476
118	6.544484	4.418192	7.896246
119	6.055285	4.314827	7.435335
120	5.324670	4.997616	7.302621
121	5.324670	4.997616	7.302621
122	4.950100	4.666410	6.802858
123	5.281917	5.040438	7.301005
124	5.289802	6.040407	8.029229
125	5.789795	6.037755	8.365178
126	5.789795	6.037755	8.365178
127	5.198076	5.231610	7.374940
128	5.525223	4.853490	7.354213
129	5.477373	4.355785	6.998177
130	5.835465	4.704741	7.495815
131	6.823459	4.859230	8.376856
132	6.358377	4.675659	7.892448
133	6.358377	4.675659	7.892448
134	6.484501	3.683644	7.457747
135	6.016333	3.508093	6.964407
136	6.234944	3.058416	6.944669
137	6.530818	3.461477	7.391442
138	6.316347	3.913143	7.430271
139	6.704665	3.598168	7.609162
140	6.226283	3.743600	7.265063
141	6.671597	3.516234	7.541492
142	6.347500	3.896972	7.448298
143	7.140966	4.505585	8.443560
144	7.179480	3.506327	7.989948
145	7.565213	3.824463	8.476966
146	7.565213	3.824463	8.476966
147	7.841522	3.407745	8.549982
148	7.841522	3.407745	8.549982
149	7.103160	4.082150	8.192608
150	6.998317	5.076639	8.645733
151	7.390244	5.387111	9.145309
152	8.077597	6.113435	10.130235
153	8.370225	6.518859	10.609250
154	8.370225	6.518859	10.609250
155	7.874165	6.581503	10.262488
156	8.638739	7.226039	11.262480
157	8.947808	6.833004	11.258472
158	9.569189	6.049495	11.321032
159	8.688767	6.523686	10.865226
160	8.688767	6.523686	10.865226
161	8.688767	6.523686	10.865226
162	9.244156	7.355276	11.813319
163	9.373741	7.838192	12.219013
164	8.458193	7.435983	11.262099
165	9.445316	7.276016	11.922852
166	9.944165	7.242119	12.301817
167	9.944165	7.242119	12.301817
168	9.323984	8.026578	12.302952
169	8.762660	7.198982	11.340615
170	8.719029	7.697075	11.630410
171	9.590757	8.187066	12.609943
172	9.371311	7.211442	11.824820
173	8.419308	6.905355	10.888924
174	8.419308	6.905355	10.888924
175	9.394840	7.125212	11.791169
176	9.769479	7.456339	12.289822
177	10.756643	7.616049	13.179893
178	10.266558	7.516970	12.724270
179	9.416365	6.990499	11.727532
180	10.405497	7.137532	12.618190
181	11.331298	6.759521	13.194295
182	11.585458	7.190105	13.635265
183	11.585458	7.190105	13.635265
184	12.328904	6.521308	13.947377
185	11.829479	6.497325	13.496363
186	11.509174	6.113392	13.032062
187	11.159823	6.471099	12.900262
188	10.463813	5.753066	11.941070
189	10.463813	5.753066	11.941070
190	10.059071	4.838636	11.162317
191	10.449431	5.759298	11.931476
192	10.961152	4.900146	12.006593
193	11.452323	4.993689	12.493704
194	11.452323	4.993689	12.493704
195	11.809161	5.343928	12.962015
196	11.500574	6.295124	13.110750
197	11.916505	6.572614	13.608907
198	12.039931	5.580260	13.270239
199	12.681132	4.812887	13.563738
200	12.334816	4.452242	13.113738
201	12.808320	4.612846	13.613648
202	12.681530	3.620917	13.188337
203	12.681530	3.620917	13.188337
204	12.681530	3.620917	13.188337
205	11.967498	4.321030	12.723691
206	11.976712	3.321072	12.428643
207	10.978792	3.385536	11.488940
208	11.047519	2.387901	11.302644
209	10.573450	2.228973	10.805839
210	9.601263	1.994766	9.806291
211	9.601263	1.994766	9.806291
212	9.601263	1.994766	9.806291
213	9.249592	2.350191	9.543498
214	8.919845	3.294261	9.508721
215	8.662038	2.865850	9.123815
216	9.315845	3.622511	9.995377
217	8.531695	3.001940	9.044416
218	8.032313	3.026783	8.583674
219	7.438089	2.222484	7.763027
220	7.683358	2.658194	8.130189
221	6.827562	2.140880	7.155345
222	5.827969	2.169423	6.218651
223	5.780241	1.170562	5.897576
224	5.780241	1.170562	5.897576
225	5.528448	1.602535	5.756028
226	5.979322	1.818666	6.249787
227	6.466364	1.705573	6.687513
228	6.466364	1.705573	6.687513
229	6.961335	1.776308	7.184389
230	7.732295	2.413191	8.100116
231	8.378729	1.650221	8.539691
232	7.908722	1.479653	8.045946
233	8.541314	0.705168	8.570374
234	9.121560	1.519610	9.247274
235	8.849396	1.939046	9.059344
236	9.348321	1.971815	9.554013
237	10.307183	2.255688	10.551121
238	10.546151	1.284660	10.624107
239	10.729337	0.819426	10.760583
240	10.105492	1.600974	10.231524
241	10.105492	1.600974	10.231524
242	9.687831	1.326094	9.778169
243	8.748850	1.670062	8.906822
244	8.748850	1.670062	8.906822
245	8.748850	1.670062	8.906822
246	8.671055	2.163973	8.937000
247	8.677524	1.664014	8.835630
248	7.840162	2.210664	8.145869
249	8.409431	1.388512	8.523291
250	8.060993	1.747108	8.248151
251	8.335408	2.708719	8.764485
252	7.778711	1.878004	8.002202
253	7.582297	2.858525	8.103233
254	6.595205	3.018679	7.253216
255	6.595205	3.018679	7.253216
256	6.295914	2.064517	6.625765
257	7.210686	2.468487	7.621510
258	6.278021	2.829230	6.886079
259	6.171163	3.823504	7.259644
260	5.172487	3.874938	6.462953
261	4.716640	3.669503	5.975947
262	4.320804	4.587824	6.302181
263	4.588863	5.009896	6.793874
264	4.272449	5.397042	6.883450
265	4.747926	5.551709	7.305085
266	5.251417	4.687709	7.039317
267	5.486354	4.246342	6.937687
268	5.215241	4.666458	6.998183
269	6.193457	4.458872	7.631543
270	6.193457	4.458872	7.631543
271	5.621718	3.638436	6.696412
272	6.146199	4.489858	7.611477
273	6.146199	4.489858	7.611477
274	6.337748	4.951712	8.042792
275	6.337748	4.951712	8.042792
276	6.649854	4.561084	8.063749
277	6.400399	4.127757	7.616002
278	6.179219	3.152524	6.936941
279	6.380631	3.610163	7.331148
280	6.066708	3.999331	7.266333
281	7.014750	3.681186	7.921985
282	7.014750	3.681186	7.921985
283	6.580446	3.928936	7.664125
284	5.614598	3.669827	6.707558
285	5.614598	3.669827	6.707558
286	5.120570	3.592775	6.255260
287	5.120570	3.592775	6.255260
288	5.102185	4.592606	6.864716
289	5.441920	4.959458	7.362793
290	5.441920	4.959458	7.362793
291	5.441920	4.959458	7.362793
292	5.123521	4.573943	6.868146
293	5.573156	4.355246	7.073064
294	5.573156	4.355246	7.073064
295	6.072617	4.332027	7.459432
296	6.072617	4.332027	7.459432
297	6.072617	4.332027	7.459432
298	6.170919	3.841785	7.269083
299	6.820328	4.602225	8.227840
300	5.822434	4.667098	7.462074
301	6.127425	4.270890	7.468992
302	5.677432	4.488851	7.237611
303	6.050050	4.155451	7.339679
304	6.291674	3.717709	7.307977
305	6.291674	3.717709	7.307977
306	6.291674	3.717709	7.307977
307	6.463749	4.187166	7.701455
308	7.116276	3.429401	7.899505
309	7.951537	2.879546	8.456874
310	7.546859	3.173205	8.186838
311	6.547521	3.209605	7.291886
312	7.044935	3.158814	7.720701
313	7.616830	2.338488	7.967724
314	7.940510	1.957395	8.178209
315	8.752780	1.374113	8.859985
316	9.244207	1.466306	9.359776
317	10.224866	1.662027	10.359065
318	10.719071	1.586125	10.835787
319	10.632071	2.078497	10.833333
320	10.407144	2.525048	10.709086
321	10.407144	2.525048	10.709086
322	10.491909	2.032286	10.686924
323	10.404902	2.524657	10.706815
324	10.404902	2.524657	10.706815
325	10.842057	2.281973	11.079603
326	10.617272	3.256382	11.105426
327	11.117130	3.268273	11.587588
328	11.478357	3.613983	12.033850
329	12.040183	4.441238	12.833184
330	12.444486	4.735414	13.315006
331	12.361625	3.738853	12.914674
332	11.871265	3.641147	12.417120
333	11.871265	3.641147	12.417120
334	11.372946	3.600177	11.929173
335	11.837467	3.415191	12.320275
336	11.282345	2.583423	11.574342
337	11.197889	3.579850	11.756192
338	11.197889	3.579850	11.756192
339	11.685087	3.692272	12.254555
340	12.676324	3.824361	13.240655
341	12.176811	3.802298	12.756653
342	11.932758	4.238690	12.663223
343	10.972287	4.517069	11.865707
344	11.552279	3.702447	12.131087
345	11.656757	3.213484	12.091586
346	11.656757	3.213484	12.091586
347	11.867926	3.666704	12.421448
348	11.710355	4.141226	12.421037
349	11.963903	4.572171	12.807799
350	11.575385	4.257442	12.333505
351	11.990970	3.979433	12.634051
352	12.490536	4.000251	13.115468
353	11.688118	4.597014	12.559643
354	11.540601	5.074757	12.607086
355	11.463742	4.580699	12.345047
356	11.921025	4.782917	12.844732
357	12.235440	5.171689	13.283537
358	11.235896	5.201875	12.381634
359	10.292003	4.871623	11.386748
360	10.400368	5.359739	11.700190
361	10.868267	5.536008	12.196992
362	11.213807	5.897397	12.669995
363	11.213807	5.897397	12.669995
364	11.695591	6.031130	13.159080
365	10.843081	5.508419	12.162035
366	10.628766	4.531654	11.554503
367	10.131086	4.483542	11.078856
368	9.542548	5.292011	10.911718
369	9.179025	5.635306	10.770849
370	9.575734	5.939645	11.268277
371	9.006490	5.117477	10.358833
372	9.506490	5.117535	10.796412
373	8.550089	5.409594	10.117694
374	8.663357	4.922593	9.964220
375	9.110189	5.146963	10.463592
376	8.974209	4.156251	9.889937
377	8.994635	3.656668	9.709515
378	8.994635	3.656668	9.709515
379	8.937663	3.159925	9.479818
380	9.701941	3.804812	10.421336
381	9.701941	3.804812	10.421336
382	9.884981	4.270104	10.767852
383	9.884981	4.270104	10.767852
384	10.316263	4.523078	11.264258
385	10.522052	4.978765	11.640519
386	10.522052	4.978765	11.640519
387	10.722943	4.520897	11.637011
388	10.404321	4.906228	11.503085
389	10.117086	5.315491	11.428468
390	9.297138	5.887930	11.004749
391	10.254612	5.599410	11.683769
392	10.120821	4.608400	11.120628
393	9.660562	3.720615	10.352267
394	9.660562	3.720615	10.352267
395	9.660562	3.720615	10.352267
396	9.660562	3.720615	10.352267
397	9.660562	3.720615	10.352267
398	10.657226	3.638995	11.261383
399	10.657226	3.638995	11.261383
400	10.817458	3.165365	11.271066
401	10.091059	2.478092	10.390881
402	10.091059	2.478092	10.390881
403	9.595370	2.543610	9.926786
404	8.702686	2.994294	9.203399
405	8.052420	2.234588	8.356725
406	7.916496	2.715758	8.369364
407	7.589533	2.337479	7.941337
408	8.046767	2.135148	8.325221
409	8.046767	2.135148	8.325221
410	7.324627	2.826895	7.851210
411	8.073460	3.489655	8.795365
412	8.073460	3.489655	8.795365
413	8.073460	3.489655	8.795365
414	7.871992	2.510159	8.262515
415	7.871992	2.510159	8.262515
416	7.303791	3.333049	8.028361
417	6.782875	4.186657	7.970915
418	6.287195	4.121068	7.517448
419	5.804836	3.989425	7.043553
420	4.963115	4.529337	6.719182
421	4.963115	4.529337	6.719182
422	5.912141	4.844535	7.643490
423	5.562491	5.201949	7.615877
424	5.178425	4.881803	7.116747
425	5.009795	4.411097	6.675015
426	5.009795	4.411097	6.675015
427	4.775707	3.969280	6.209876
428	5.114320	3.028354	5.943669
429	5.419008	3.424795	6.410528
430	5.419008	3.424795	6.410528
431	5.757345	4.365820	7.225469
432	6.025177	4.788036	7.695976
433	5.768984	4.358658	7.230427
434	5.445304	3.412491	6.426230
435	4.969660	3.258339	5.942583
436	4.522174	3.481400	5.707031
437	3.643781	3.003461	4.722067
438	3.643781	3.003461	4.722067
439	3.767761	2.011177	4.270931
440	2.879597	1.551650	3.271039
441	3.296606	1.827518	3.769275
442	3.568375	1.407826	3.836049
443	2.749366	1.981606	3.389067
444	2.749366	1.981606	3.389067
445	2.615791	2.972645	3.959669
446	2.366316	2.539329	3.470972
447	2.388945	1.539585	2.842073
448	2.388945	1.539585	2.842073
449	1.497165	1.992056	2.491945
450	0.595572	2.424641	2.496716
451	0.790376	1.964151	2.117211
452	0.790376	1.964151	2.117211
453	0.790376	1.964151	2.117211
454	1.210579	2.871581	3.116324
455	0.648093	2.044774	2.145023
456	0.648093	2.044774	2.145023
457	1.034269	1.122348	1.526230
458	1.461355	0.862353	1.696823
459	1.476707	0.362588	1.520570
460	2.474955	0.421746	2.510632
461	2.474955	0.421746	2.510632
462	2.033780	0.186450	2.042309
463	2.033780	0.186450	2.042309
464	2.548774	1.043644	2.754168
465	3.040506	1.134196	3.245162
466	3.391944	0.197985	3.397717
467	3.855807	0.384615	3.874943
468	2.972078	0.852614	3.091957
469	3.117724	0.374297	3.140111
470	3.575526	-0.514757	3.612390
471	4.210437	0.257829	4.218324
472	4.698750	0.365301	4.712929
473	4.951164	-0.602318	4.987666
474	4.611195	-0.968953	4.711898
475	4.613854	0.031044	4.613958
476	4.453654	0.504685	4.482158
477	5.340433	0.042493	5.340602
478	5.665228	0.988277	5.750782
479	6.107858	1.220825	6.228671
480	6.107858	1.220825	6.228671
481	6.107858	1.220825	6.228671
482	6.460661	0.866523	6.518513
483	5.480538	0.668134	5.521114
484	5.031191	0.448847	5.051172
485	5.790609	1.099449	5.894060
486	6.730351	0.757564	6.772852
487	6.730351	0.757564	6.772852
488	5.771016	0.475293	5.790555
489	5.277150	0.397215	5.292078
490	5.277150	0.397215	5.292078
491	4.302997	0.171324	4.306407
492	4.069450	1.143670	4.227104
493	4.069450	1.143670	4.227104
494	4.069450	1.143670	4.227104
495	3.654643	1.422838	3.921847
496	3.226243	1.680662	3.637756
497	4.226009	1.702271	4.555972
498	4.226009	1.702271	4.555972
499	4.725773	1.686886	5.017819
500	5.581273	2.204689	6.000938
501	6.075979	2.277256	6.488714
502	6.883898	2.866549	7.456887
503	7.220181	3.236568	7.912419
504	7.253073	3.735485	8.158487
505	7.120607	4.217618	8.275950
506	6.120627	4.211402	7.429534
507	5.383015	3.536176	6.440605
508	5.383015	3.536176	6.440605
509	4.849767	2.690217	5.545945
510	4.299221	1.855412	4.682506
511	5.086772	2.471663	5.655472
512	5.086772	2.471663	5.655472
513	4.474305	3.262159	5.537246
514	5.372825	3.701091	6.524211
515	5.391051	4.700925	7.152771
516	5.746327	4.349103	7.206592
517	5.746327	4.349103	7.206592
518	5.746327	4.349103	7.206592
519	5.987530	3.911129	7.151744
520	5.759703	4.356207	7.221546
521	5.759703	4.356207	7.221546
522	5.759703	4.356207	7.221546
523	5.759703	4.356207	7.221546
524	5.759703	4.356207	7.221546
525	5.759703	4.356207	7.221546
526	5.668097	3.360412	6.589363
527	5.321475	3.720763	6.493241
528	6.017750	3.002988	6.725419
529	5.770557	2.568367	6.316315
530	5.927505	3.043096	6.663014
531	5.927505	3.043096	6.663014
532	5.927505	3.043096	6.663014
533	5.927505	3.043096	6.663014
534	6.042291	2.049706	6.380484
535	5.309620	1.369123	5.483298
536	6.076537	0.727376	6.119916
537	6.416383	1.094126	6.509000
538	6.744365	2.038809	7.045793
539	6.142461	1.240241	6.266420
540	5.653224	1.343429	5.810658
541	6.416094	0.696877	6.453829
542	5.577798	0.151662	5.579860
543	5.785431	-0.303188	5.793370
544	4.969384	-0.881173	5.046904
545	5.103773	-1.362774	5.282580
546	5.103773	-1.362774	5.282580
547	5.103773	-1.362774	5.282580
548	4.271041	-0.809097	4.347002
549	4.203327	-0.313704	4.215017
550	3.711189	-0.402023	3.732901
551	2.911570	0.198485	2.918328
552	3.360962	-0.020713	3.361026
553	3.598145	0.419451	3.622511
554	3.598145	0.419451	3.622511
555	3.598145	0.419451	3.622511
556	4.097899	0.435135	4.120937
557	4.097899	0.435135	4.120937
558	3.641077	0.231878	3.648453
559	4.034140	0.540911	4.070242
560	3.206763	1.102558	3.391012
561	3.228214	1.602097	3.603898
562	3.115494	2.595724	4.055130
563	2.618151	2.544244	3.650739
564	1.693159	2.924233	3.379042
565	2.094518	3.222413	3.843299
566	3.080859	3.057694	4.340644
567	2.773278	2.663494	3.845162
568	2.295874	2.514883	3.405242
569	2.064012	2.957873	3.606822
570	2.290036	3.403871	4.102511
571	2.777734	3.293643	4.308584
572	3.351435	4.112708	5.305326
573	3.496026	3.634071	5.042685
574	2.999241	3.577469	4.668376
575	2.848058	3.100873	4.210327
576	2.399775	3.994765	4.660157
577	2.818030	4.268741	5.115021
578	3.751819	3.910916	5.419539
579	3.808074	4.407741	5.824913
580	2.835684	4.641099	5.438833
581	2.712469	3.648719	4.546497
582	3.024396	4.039489	5.046231
583	3.469722	3.812146	5.154748
584	2.530659	4.155889	4.865763
585	2.437345	4.647105	5.247498
586	1.981953	4.440663	4.862883
587	1.598058	3.517286	3.863301
588	1.023999	2.698472	2.886231
589	0.526602	2.749425	2.799401
590	1.357683	2.193273	2.579487
591	2.348515	2.058170	3.122753
592	2.400560	1.059526	2.623982
593	1.601670	1.661002	2.307439
594	1.363854	2.100825	2.504708
595	1.731061	2.440175	2.991827
596	1.622040	2.928145	3.347394
597	0.936020	2.200562	2.391361
598	0.501895	2.448626	2.499534
599	0.096714	3.362862	3.364253
600	-0.758700	2.844917	2.944347
601	-1.061499	3.797971	3.943522
602	-0.140539	4.187630	4.189988
603	0.357653	4.145156	4.160557
604	-0.130524	4.253243	4.255245
605	-0.130524	4.253243	4.255245
606	-0.130524	4.253243	4.255245
607	-0.206297	4.747468	4.751948
608	-0.286694	5.744231	5.751381
609	-0.537139	5.311475	5.338566
610	0.335348	5.800113	5.809800
611	0.254393	4.803395	4.810127
612	0.254393	4.803395	4.810127
613	0.002316	4.371588	4.371589
614	0.002316	4.371588	4.371589
615	0.465681	4.559453	4.583173
616	-0.460251	4.181763	4.207015
617	-0.467757	3.181791	3.215990
618	0.029999	3.229104	3.229243
619	0.316374	2.270986	2.292917
620	0.203998	1.783778	1.795405
621	0.256657	2.280997	2.295392
622	0.840531	3.092842	3.205022
623	0.840531	3.092842	3.205022
624	0.324905	2.236028	2.259510
625	0.066427	3.202045	3.202734
626	0.564302	3.248093	3.296747
627	0.271208	3.653180	3.663234
628	0.679791	3.364979	3.432958
629	1.351029	4.106221	4.322769
630	1.335411	4.605977	4.795659
631	1.833676	4.647586	4.996241
632	1.966108	5.638778	5.971717
633	1.966108	5.638778	5.971717
634	1.966108	5.638778	5.971717
635	2.409202	5.407116	5.919557
636	1.459016	5.718800	5.901983
637	1.199531	5.291404	5.425664
638	1.810910	4.500066	4.850772
639	1.861854	3.501364	3.965609
640	1.861854	3.501364	3.965609
641	1.387623	3.659809	3.914038
642	1.279682	3.171599	3.420033
643	2.272117	3.048832	3.802354
644	2.272117	3.048832	3.802354
645	2.950796	3.783268	4.797949
646	2.469298	3.648508	4.405570
647	2.469298	3.648508	4.405570
648	2.469298	3.648508	4.405570
649	3.420878	3.341106	4.781777
650	2.476524	3.012176	3.899535
651	3.332422	3.529319	4.853981
652	3.312973	4.028941	5.216143
653	2.588823	4.718584	5.382104
654	1.625446	4.450436	4.737980
655	1.625446	4.450436	4.737980
656	1.126279	4.479284	4.618710
657	0.523390	5.277109	5.303001
658	0.274826	4.308494	4.317250
659	0.274826	4.308494	4.317250
660	0.274826	4.308494	4.317250
661	-0.087143	3.963561	3.964519
662	0.275100	4.308207	4.316981
663	0.275100	4.308207	4.316981
664	0.595213	3.360828	3.413128
665	1.080755	3.480198	3.644147
666	0.584792	3.543607	3.591536
667	0.256036	3.166885	3.177218
668	-0.437225	2.446198	2.484965
669	-0.437225	2.446198	2.484965
670	0.562529	2.424012	2.488428
671	1.043873	2.559318	2.764015
672	0.836829	1.580986	1.788798
673	1.112690	1.163972	1.610252
674	0.743959	0.234436	0.780022
675	0.743959	0.234436	0.780022
676	0.743959	0.234436	0.780022
677	1.220167	0.386836	1.280019
678	1.220167	0.386836	1.280019
679	1.025744	-0.073815	1.028396
680	0.589905	-0.318855	0.670564
681	0.097502	-0.405686	0.417239
682	0.196721	0.589379	0.621343
683	-0.079932	1.005868	1.009039
684	-0.311685	1.978643	2.003041
685	-0.099271	2.431280	2.433305
686	-0.351140	2.863208	2.884659
687	-0.844970	2.784904	2.910268
688	-0.091090	3.441916	3.443121
689	0.167491	3.013972	3.018623
690	-0.031143	2.033899	2.034137
691	0.085607	2.520077	2.521531
692	0.783018	1.803406	1.966059
693	0.145627	2.573947	2.578063
694	0.036930	3.568022	3.568213
695	0.810590	4.201623	4.279099
696	0.394021	3.925090	3.944817
697	0.394021	3.925090	3.944817
698	0.772396	3.598239	3.680206
699	1.116949	3.960570	4.115056
700	1.116949	3.960570	4.115056
701	1.009370	3.472280	3.616014
702	1.304983	3.875533	4.089344
703	2.008189	4.586519	5.006893
704	2.494622	4.470836	5.119718
705	1.921593	5.290371	5.628548
706	2.081089	4.816492	5.246859
707	1.809576	4.396635	4.754468
708	1.809576	4.396635	4.754468
709	1.427139	4.718724	4.929816
710	1.427139	4.718724	4.929816
711	1.364986	4.222602	4.437743
712	1.364986	4.222602	4.437743
713	1.212368	4.698741	4.852628
714	0.474577	5.373771	5.394686
715	0.369230	5.862547	5.874162
716	0.369230	5.862547	5.874162
717	0.654949	4.904233	4.947773
718	1.654917	4.912174	5.183455
719	2.211292	5.743105	6.154110
720	2.211292	5.743105	6.154110
721	1.817948	5.434430	5.730442
722	2.134158	4.485741	4.967545
723	2.978595	5.021397	5.838360
724	3.268883	5.428500	6.336734
725	3.133250	5.909752	6.688978
726	2.966385	5.438418	6.194823
727	2.970544	5.938401	6.639935
728	2.927909	6.937491	7.530036
729	2.927909	6.937491	7.530036
730	3.583949	6.182765	7.146416
731	3.093052	7.053983	7.702314
732	2.729887	7.397656	7.885278
733	2.711370	8.397485	8.824357
734	3.206131	8.469678	9.056198
735	2.757683	8.248556	8.697327
736	2.757683	8.248556	8.697327
737	2.757683	8.248556	8.697327
738	2.661873	9.243956	9.619578
739	3.449124	9.860589	10.446419
740	3.449124	9.860589	10.446419
741	3.449124	9.860589	10.446419
742	3.441761	10.860562	11.392872
743	3.896112	11.069286	11.734938
744	4.172492	11.485956	12.220347
745	4.172492	11.485956	12.220347
746	4.489662	10.537587	11.454161
747	5.432900	10.869706	12.151827
748	6.315719	11.339419	12.979628
749	6.747320	11.591848	13.412579
750	7.745929	11.644579	13.985551
751	7.643670	12.639337	14.770868
752	8.264914	13.422955	15.763392
753	7.776810	13.531376	15.606951
754	7.283521	13.613018	15.439039
755	7.283521	13.613018	15.439039
756	7.958436	14.350914	16.409918
757	8.767581	13.763305	16.318672
758	8.473498	14.167676	16.508277
759	8.473498	14.167676	16.508277
760	8.464153	14.667588	16.934581
761	8.464153	14.667588	16.934581
762	7.468137	14.756757	16.538892
763	7.468137	14.756757	16.538892
764	7.533292	14.261020	16.128459
765	7.533292	14.261020	16.128459
766	8.027884	14.334360	16.429266
767	8.978920	14.025280	16.653212
768	9.387260	14.938110	17.642782
769	8.390913	15.023505	17.207938
770	7.919040	15.188842	17.129277
771	7.625544	15.593639	17.358297
772	7.625544	15.593639	17.358297
773	7.625544	15.593639	17.358297
774	7.309544	15.206154	16.871768
775	7.271211	14.707626	16.406851
776	7.107961	15.180224	16.761931
777	7.107961	15.180224	16.761931
778	7.747957	14.411846	16.362522
779	8.747233	14.373811	16.826186
780	7.894533	14.896213	16.858849
781	7.894533	14.896213	16.858849
782	8.364570	14.725726	16.935555
783	8.364570	14.725726	16.935555
784	8.364570	14.725726	16.935555
785	7.422418	14.390540	16.191971
786	6.801575	13.606605	15.211874
787	7.171441	13.943056	15.679234
788	6.605873	13.118354	14.687708
789	6.115736	13.217177	14.563516
790	6.115736	13.217177	14.563516
791	5.765501	13.574018	14.747710
792	5.314254	13.358667	14.376901
793	5.314254	13.358667	14.376901
794	5.314254	13.358667	14.376901
795	4.558915	12.703332	13.496605
796	4.931048	11.775152	12.765949
797	4.398172	10.928959	11.780750
798	4.657995	9.963303	10.998378
799	4.742325	9.470466	10.591476
800	3.781143	9.194553	9.941672
801	3.430547	9.551039	10.148448
802	3.430547	9.551039	10.148448
803	3.095375	10.493196	10.940224
804	3.152709	10.989898	11.433172
805	3.311219	10.002541	10.536365
806	4.310509	9.964866	10.857211
807	5.310354	9.947254	11.275980
808	6.069414	10.598276	12.213158
809	6.069414	10.598276	12.213158
810	5.575316	10.674875	12.043135
811	5.198493	9.748589	11.048046
812	4.932175	8.784704	10.074591
813	4.988715	9.783104	10.981640
814	4.988715	9.783104	10.981640
815	4.188814	10.383236	11.196327
816	4.273332	9.890431	10.774135
817	5.083890	10.476089	11.644500
818	4.335903	9.812376	10.727664
819	4.335903	9.812376	10.727664
820	4.399265	8.814385	9.851240
821	4.399265	8.814385	9.851240
822	4.413485	8.314588	9.413353
823	3.414661	8.363067	9.033316
824	3.797756	8.041760	8.893416
825	4.591854	7.433970	8.737793
826	4.408837	6.450860	7.813542
827	4.573522	7.437206	8.730930
828	4.775253	6.457765	8.031549
829	4.775253	6.457765	8.031549
830	4.775253	6.457765	8.031549
831	5.774786	6.488330	8.685999
832	5.774786	6.488330	8.685999
833	5.920745	6.966552	9.142651
834	5.920745	6.966552	9.142651
835	6.117164	6.506748	8.930703
836	5.653305	6.320106	8.479599
837	6.067137	6.039494	8.560703
838	6.565132	6.084230	8.950911
839	6.185777	6.409945	8.907931
840	5.205339	6.213118	8.105454
841	4.865451	6.579828	8.183322
842	4.226598	7.349157	8.477868
843	4.367966	7.828756	8.964851
844	4.367966	7.828756	8.964851
845	4.367966	7.828756	8.964851
846	5.367964	7.830659	9.493907
847	5.814558	7.605818	9.573795
848	6.007800	7.144670	9.334879
849	5.065255	6.810592	8.487695
850	5.462127	7.728466	9.463827
851	5.462127	7.728466	9.463827
852	5.808226	8.666664	10.432955
853	6.163723	8.315064	10.350448
854	5.695417	8.490249	10.223606
855	5.957850	7.525299	9.598234
856	6.909221	7.833346	10.445030
857	7.345877	8.076926	10.917813
858	7.345877	8.076926	10.917813
859	8.151149	8.669832	11.899883
860	7.824000	8.291713	11.400329
861	8.316689	8.206523	11.683935
862	8.377195	7.710197	11.385277
863	8.377195	7.710197	11.385277
864	9.203252	7.146611	11.652206
865	9.856618	6.389568	11.746467
866	9.442713	6.670072	11.560912
867	9.442713	6.670072	11.560912
868	8.972300	6.500627	11.079725
869	8.036588	6.147862	10.118446
870	8.262386	5.173688	9.748542
871	9.240606	5.381260	10.693304
872	9.240606	5.381260	10.693304
873	10.125063	4.914639	11.254803
874	10.125063	4.914639	11.254803
875	10.519668	4.607577	11.484476
876	9.818657	3.894427	10.562793
877	8.823228	3.989927	9.683432
878	8.823228	3.989927	9.683432
879	8.567030	3.560552	9.277475
880	9.063193	3.498724	9.715067
881	8.979618	3.991690	9.826857
882	8.969836	3.491786	9.625514
883	9.375023	2.577552	9.722902
884	9.226320	3.566434	9.891635
885	8.365851	4.075936	9.305951
886	8.646476	4.489760	9.742663
887	7.704904	4.152949	8.752858
888	7.212700	4.240899	8.367094
889	7.705555	4.156673	8.755199
890	7.705555	4.156673	8.755199
891	8.659285	3.856008	9.479030
892	9.410074	4.516550	10.437850
893	9.410074	4.516550	10.437850
894	10.348843	4.861098	11.433670
895	10.348843	4.861098	11.433670
896	9.484450	5.363915	10.896164
897	10.405044	4.973394	11.532545
898	10.859734	5.181378	12.032477
899	10.611122	4.747567	11.624771
900	10.981833	5.083087	12.101175
901	10.981833	5.083087	12.101175
902	11.111641	5.565943	12.427722
903	11.516401	5.859488	12.921343
904	11.349785	4.873466	12.351854
905	11.399329	3.874694	12.039849
906	11.399329	3.874694	12.039849
907	11.070550	3.497993	11.610040
908	10.749679	4.445116	11.632483
909	10.749679	4.445116	11.632483
910	10.250804	4.411593	11.159800
911	9.934362	5.360204	11.288194
912	10.284523	5.717117	11.766769
913	9.424739	5.206461	10.767216
914	8.938570	5.089668	10.286047
915	7.943196	5.185739	9.486108
916	7.652524	6.142562	9.812858
917	8.583298	6.508158	10.771681
918	8.110802	5.626825	9.871488
919	8.509297	5.928822	10.371068
920	7.799306	5.224611	9.387531
921	8.795607	5.310551	10.274466
922	8.663333	5.792738	10.421571
923	9.215456	4.958975	10.464992
924	9.215456	4.958975	10.464992
925	9.215456	4.958975	10.464992
926	9.021485	4.498133	10.080694
927	8.993761	3.498517	9.650252
928	8.588843	3.791846	9.388627
929	8.211918	2.865602	8.697544
930	8.568184	1.931217	8.783131
931	7.709872	2.444345	8.088075
932	8.201356	2.536232	8.584563
933	8.034104	1.550318	8.182317
934	8.533869	1.534990	8.670819
935	8.533869	1.534990	8.670819
936	8.038787	1.604951	8.197437
937	7.553775	1.483448	7.698060
938	7.553775	1.483448	7.698060
939	6.713777	2.026037	7.012819
940	6.713777	2.026037	7.012819
941	6.838737	1.541904	7.010406
942	6.838737	1.541904	7.010406
943	6.838737	1.541904	7.010406
944	6.904274	1.046218	6.983092
945	6.904274	1.046218	6.983092
946	6.904274	1.046218	6.983092
947	6.417966	0.930007	6.484998
948	6.573314	0.454752	6.589026
949	6.165386	1.367766	6.315281
950	5.435005	2.050806	5.809052
951	5.338688	1.055455	5.442020
952	6.312085	1.284583	6.441472
953	5.917127	0.977975	5.997402
954	4.930279	1.139622	5.060275
955	4.930279	1.139622	5.060275
956	5.710100	0.513620	5.733153
957	5.709788	0.013620	5.709805
958	6.622637	0.421919	6.636063
959	6.599566	-0.077549	6.600021
960	7.594459	0.023389	7.594495
961	8.093704	-0.004061	8.093705
962	8.093704	-0.004061	8.093705
963	8.093704	-0.004061	8.093705
964	8.391483	0.397596	8.400897
965	9.209539	-0.177542	9.211250
966	8.997113	-0.630173	9.019155
967	9.409299	-0.347149	9.415701
968	9.409299	-0.347149	9.415701
969	9.409299	-0.347149	9.415701
970	9.694375	0.063621	9.694583
971	9.219102	-0.091672	9.219558
972	9.604822	-1.014288	9.658229
973	10.601950	-1.090030	10.657838
974	9.954557	-1.852186	10.125403
975	9.611889	-1.488073	9.726396
976	10.536740	-1.868403	10.701113
977	11.036017	-1.895268	11.197576
978	10.072451	-2.162737	10.302024
979	10.072451	-2.162737	10.302024
980	11.058893	-1.998626	11.238043
981	10.098598	-2.277613	10.352256
982	10.551985	-2.066805	10.752491
983	10.551985	-2.066805	10.752491
984	10.702327	-1.589943	10.819784
985	11.674286	-1.825093	11.816088
986	10.727255	-1.503952	10.832168
987	10.727255	-1.503952	10.832168
988	11.070329	-1.867683	11.226772
989	11.461292	-1.555998	11.566432
990	11.461292	-1.555998	11.566432
991	11.075513	-1.237919	11.144480
992	10.088952	-1.401315	10.185806
993	11.087429	-1.456499	11.182686
994	10.609796	-1.604374	10.730414
995	10.250416	-1.952003	10.434622
996	10.572792	-1.569807	10.688696
997	10.572792	-1.569807	10.688696
998	11.070408	-1.618569	11.188105
999	11.568658	-1.660370	11.687201
1000	12.238353	-0.917735	12.272715
