E=1,k=0.001
1000	9992.6
1200	9970.5
1400	9913.6
1600	9796.6
1800	9566.8
2000	9118.9
2010	9067.4
2020	9041.2
2030	8998.7
2040	8973.1
2050	8937.6
2060	8877.8
2070	8847.7
2080	8800.6
2090	8755.8
2100	8689.9
2110	8573.2
2120	8601.4
2130	8487.9
2140	8435.1
2150	8291.6
2160	8351.8
2170	8176.6
2180	8075.4
2190	7838.5
2200	7918.7
2210	7713.9
2220	7309.2
2230	7503.9
2240	7327.4
2250	6824.4
2260	5838.8
2270	6441.4
2280	4758.4
2290	-3932.1
2300	-2377.5
2310	-3947.0
2320	3795.6
2330	1002.3
2340	-310.4
2350	-1259.9
2360	308.3
2370	681.8
2380	-276.2
2390	-471.8
2400	-291.6
2410	52.4
2420	454.7
2430	231.3
2440	170.6
2450	28.0
2460	0.4
2470	-453.6
2480	28.2
2490	18.8
2500	214.8
2510	-161.1
2520	186.0
2530	-28.4
2540	98.0
2550	-51.4
2560	-56.4
2570	-152.7
2580	-35.9
2590	45.3
2600	-38.7
2610	-38.7
2620	19.8
2630	17.4
2640	-80.1
2650	31.2
2660	33.5
2670	10.4
2680	-52.8
2690	-94.3
2700	84.0
2710	-24.5
2720	1.9
2730	35.3
2740	-72.0
2750	-30.0
2760	-52.4
2770	8.2
2780	-21.4
2790	-19.8
2800	-20.7
2810	-50.0
2820	-17.4
2830	67.4
2840	17.6
2850	43.2
2860	1.2
2870	-38.2
2880	25.1
2890	12.6
2900	47.7
2910	-47.6
2920	39.2
2930	-27.0
2940	-46.7
2950	-44.9
2960	36.8
2970	26.0
2980	-13.2
2990	-25.2
3000	-13.2
3200	-34.9
3400	1.1
3600	5.3
3800	0.9
