TOTAL_STEP=1000	 SINGLE_STEP=0.500000
DATA NOT SAVED!
INDEX	 COUNT	 POSSIBILITY
0	0	0.0000
1	0	0.0000
2	0	0.0000
3	0	0.0000
4	0	0.0000
5	0	0.0000
6	0	0.0000
7	0	0.0000
8	0	0.0000
9	0	0.0000
10	0	0.0000
11	1	0.0833
12	2	0.1538
13	3	0.2143
14	4	0.2667
15	5	0.3125
16	6	0.3529
17	7	0.3889
18	7	0.3684
19	7	0.3500
20	7	0.3333
21	7	0.3182
22	7	0.3043
23	7	0.2917
24	7	0.2800
25	7	0.2692
26	7	0.2593
27	7	0.2500
28	7	0.2414
29	7	0.2333
30	7	0.2258
31	7	0.2188
32	7	0.2121
33	7	0.2059
34	7	0.2000
35	8	0.2222
36	9	0.2432
37	10	0.2632
38	11	0.2821
39	12	0.3000
40	13	0.3171
41	14	0.3333
42	15	0.3488
43	16	0.3636
44	16	0.3556
45	16	0.3478
46	16	0.3404
47	16	0.3333
48	16	0.3265
49	16	0.3200
50	16	0.3137
51	16	0.3077
52	16	0.3019
53	16	0.2963
54	16	0.2909
55	16	0.2857
56	16	0.2807
57	16	0.2759
58	16	0.2712
59	16	0.2667
60	16	0.2623
61	16	0.2581
62	16	0.2540
63	16	0.2500
64	16	0.2462
65	16	0.2424
66	16	0.2388
67	16	0.2353
68	16	0.2319
69	16	0.2286
70	16	0.2254
71	16	0.2222
72	16	0.2192
73	16	0.2162
74	16	0.2133
75	16	0.2105
76	16	0.2078
77	16	0.2051
78	16	0.2025
79	16	0.2000
80	16	0.1975
81	16	0.1951
82	16	0.1928
83	16	0.1905
84	16	0.1882
85	16	0.1860
86	16	0.1839
87	16	0.1818
88	16	0.1798
89	16	0.1778
90	16	0.1758
91	16	0.1739
92	16	0.1720
93	16	0.1702
94	16	0.1684
95	16	0.1667
96	16	0.1649
97	16	0.1633
98	16	0.1616
99	16	0.1600
100	16	0.1584
101	16	0.1569
102	16	0.1553
103	16	0.1538
104	16	0.1524
105	16	0.1509
106	16	0.1495
107	16	0.1481
108	16	0.1468
109	16	0.1455
110	16	0.1441
111	16	0.1429
112	16	0.1416
113	16	0.1404
114	16	0.1391
115	16	0.1379
116	16	0.1368
117	16	0.1356
118	16	0.1345
119	16	0.1333
120	16	0.1322
121	16	0.1311
122	16	0.1301
123	16	0.1290
124	16	0.1280
125	16	0.1270
126	16	0.1260
127	16	0.1250
128	16	0.1240
129	16	0.1231
130	16	0.1221
131	16	0.1212
132	16	0.1203
133	16	0.1194
134	16	0.1185
135	16	0.1176
136	16	0.1168
137	16	0.1159
138	16	0.1151
139	16	0.1143
140	16	0.1135
141	16	0.1127
142	16	0.1119
143	16	0.1111
144	16	0.1103
145	16	0.1096
146	16	0.1088
147	16	0.1081
148	16	0.1074
149	16	0.1067
150	16	0.1060
151	16	0.1053
152	16	0.1046
153	16	0.1039
154	16	0.1032
155	17	0.1090
156	18	0.1146
157	19	0.1203
158	20	0.1258
159	21	0.1313
160	22	0.1366
161	22	0.1358
162	22	0.1350
163	22	0.1341
164	22	0.1333
165	22	0.1325
166	22	0.1317
167	22	0.1310
168	22	0.1302
169	22	0.1294
170	22	0.1287
171	22	0.1279
172	22	0.1272
173	22	0.1264
174	22	0.1257
175	22	0.1250
176	22	0.1243
177	22	0.1236
178	22	0.1229
179	22	0.1222
180	22	0.1215
181	22	0.1209
182	23	0.1257
183	24	0.1304
184	25	0.1351
185	26	0.1398
186	27	0.1444
187	28	0.1489
188	29	0.1534
189	30	0.1579
190	31	0.1623
191	32	0.1667
192	33	0.1710
193	34	0.1753
194	35	0.1795
195	36	0.1837
196	37	0.1878
197	38	0.1919
198	39	0.1960
199	40	0.2000
200	41	0.2040
201	42	0.2079
202	43	0.2118
203	44	0.2157
204	45	0.2195
205	46	0.2233
206	47	0.2271
207	47	0.2260
208	47	0.2249
209	47	0.2238
210	47	0.2227
211	47	0.2217
212	47	0.2207
213	47	0.2196
214	47	0.2186
215	47	0.2176
216	47	0.2166
217	47	0.2156
218	47	0.2146
219	47	0.2136
220	47	0.2127
221	47	0.2117
222	47	0.2108
223	47	0.2098
224	47	0.2089
225	47	0.2080
226	47	0.2070
227	47	0.2061
228	47	0.2052
229	47	0.2043
230	47	0.2035
231	47	0.2026
232	47	0.2017
233	47	0.2009
234	47	0.2000
235	47	0.1992
236	47	0.1983
237	47	0.1975
238	47	0.1967
239	47	0.1958
240	47	0.1950
241	48	0.1983
242	49	0.2016
243	50	0.2049
244	51	0.2082
245	52	0.2114
246	53	0.2146
247	53	0.2137
248	53	0.2129
249	53	0.2120
250	53	0.2112
251	53	0.2103
252	53	0.2095
253	53	0.2087
254	53	0.2078
255	53	0.2070
256	54	0.2101
257	54	0.2093
258	55	0.2124
259	55	0.2115
260	55	0.2107
261	55	0.2099
262	55	0.2091
263	55	0.2083
264	56	0.2113
265	56	0.2105
266	56	0.2097
267	56	0.2090
268	56	0.2082
269	56	0.2074
270	56	0.2066
271	56	0.2059
272	56	0.2051
273	56	0.2044
274	56	0.2036
275	56	0.2029
276	56	0.2022
277	56	0.2014
278	56	0.2007
279	56	0.2000
280	56	0.1993
281	56	0.1986
282	57	0.2014
283	58	0.2042
284	59	0.2070
285	59	0.2063
286	60	0.2091
287	61	0.2118
288	61	0.2111
289	61	0.2103
290	61	0.2096
291	61	0.2089
292	61	0.2082
293	61	0.2075
294	61	0.2068
295	61	0.2061
296	61	0.2054
297	61	0.2047
298	61	0.2040
299	61	0.2033
300	61	0.2027
301	61	0.2020
302	62	0.2046
303	63	0.2072
304	63	0.2066
305	63	0.2059
306	63	0.2052
307	63	0.2045
308	63	0.2039
309	63	0.2032
310	63	0.2026
311	63	0.2019
312	63	0.2013
313	63	0.2006
314	63	0.2000
315	63	0.1994
316	63	0.1987
317	63	0.1981
318	63	0.1975
319	63	0.1969
320	63	0.1963
321	63	0.1957
322	63	0.1950
323	63	0.1944
324	63	0.1938
325	63	0.1933
326	63	0.1927
327	63	0.1921
328	63	0.1915
329	63	0.1909
330	63	0.1903
331	63	0.1898
332	63	0.1892
333	63	0.1886
334	63	0.1881
335	63	0.1875
336	63	0.1869
337	63	0.1864
338	63	0.1858
339	63	0.1853
340	63	0.1848
341	63	0.1842
342	63	0.1837
343	63	0.1831
344	63	0.1826
345	63	0.1821
346	63	0.1816
347	63	0.1810
348	63	0.1805
349	63	0.1800
350	63	0.1795
351	63	0.1790
352	63	0.1785
353	63	0.1780
354	63	0.1775
355	63	0.1770
356	63	0.1765
357	63	0.1760
358	63	0.1755
359	63	0.1750
360	63	0.1745
361	63	0.1740
362	63	0.1736
363	63	0.1731
364	63	0.1726
365	63	0.1721
366	63	0.1717
367	63	0.1712
368	63	0.1707
369	63	0.1703
370	63	0.1698
371	64	0.1720
372	65	0.1743
373	66	0.1765
374	67	0.1787
375	67	0.1782
376	68	0.1804
377	69	0.1825
378	70	0.1847
379	71	0.1868
380	72	0.1890
381	73	0.1911
382	74	0.1932
383	75	0.1953
384	76	0.1974
385	76	0.1969
386	76	0.1964
387	76	0.1959
388	76	0.1954
389	76	0.1949
390	76	0.1944
391	76	0.1939
392	76	0.1934
393	76	0.1929
394	76	0.1924
395	76	0.1919
396	76	0.1914
397	76	0.1910
398	76	0.1905
399	76	0.1900
400	77	0.1920
401	78	0.1940
402	79	0.1960
403	80	0.1980
404	80	0.1975
405	80	0.1970
406	81	0.1990
407	82	0.2010
408	83	0.2029
409	83	0.2024
410	84	0.2044
411	85	0.2063
412	86	0.2082
413	87	0.2101
414	88	0.2120
415	89	0.2139
416	89	0.2134
417	89	0.2129
418	89	0.2124
419	89	0.2119
420	89	0.2114
421	89	0.2109
422	89	0.2104
423	89	0.2099
424	89	0.2094
425	89	0.2089
426	89	0.2084
427	89	0.2079
428	89	0.2075
429	89	0.2070
430	89	0.2065
431	89	0.2060
432	89	0.2055
433	90	0.2074
434	91	0.2092
435	92	0.2110
436	92	0.2105
437	93	0.2123
438	93	0.2118
439	93	0.2114
440	93	0.2109
441	93	0.2104
442	93	0.2099
443	93	0.2095
444	94	0.2112
445	94	0.2108
446	94	0.2103
447	94	0.2098
448	94	0.2094
449	94	0.2089
450	94	0.2084
451	95	0.2102
452	95	0.2097
453	95	0.2093
454	95	0.2088
455	95	0.2083
456	95	0.2079
457	95	0.2074
458	96	0.2092
459	97	0.2109
460	98	0.2126
461	98	0.2121
462	98	0.2117
463	98	0.2112
464	99	0.2129
465	99	0.2124
466	99	0.2120
467	99	0.2115
468	99	0.2111
469	99	0.2106
470	99	0.2102
471	99	0.2097
472	99	0.2093
473	99	0.2089
474	99	0.2084
475	99	0.2080
476	99	0.2075
477	99	0.2071
478	99	0.2067
479	99	0.2062
480	99	0.2058
481	99	0.2054
482	100	0.2070
483	101	0.2087
484	101	0.2082
485	101	0.2078
486	101	0.2074
487	101	0.2070
488	101	0.2065
489	101	0.2061
490	101	0.2057
491	101	0.2053
492	101	0.2049
493	101	0.2045
494	101	0.2040
495	101	0.2036
496	101	0.2032
497	101	0.2028
498	101	0.2024
499	101	0.2020
500	101	0.2016
501	101	0.2012
502	101	0.2008
503	101	0.2004
504	101	0.2000
505	101	0.1996
506	101	0.1992
507	101	0.1988
508	101	0.1984
509	101	0.1980
510	101	0.1977
511	101	0.1973
512	101	0.1969
513	101	0.1965
514	101	0.1961
515	101	0.1957
516	101	0.1954
517	101	0.1950
518	101	0.1946
519	101	0.1942
520	101	0.1939
521	101	0.1935
522	101	0.1931
523	101	0.1927
524	101	0.1924
525	101	0.1920
526	101	0.1917
527	101	0.1913
528	101	0.1909
529	101	0.1906
530	101	0.1902
531	101	0.1898
532	101	0.1895
533	101	0.1891
534	101	0.1888
535	101	0.1884
536	101	0.1881
537	101	0.1877
538	101	0.1874
539	101	0.1870
540	101	0.1867
541	101	0.1863
542	101	0.1860
543	101	0.1857
544	101	0.1853
545	101	0.1850
546	101	0.1846
547	101	0.1843
548	101	0.1840
549	101	0.1836
550	101	0.1833
551	101	0.1830
552	101	0.1826
553	101	0.1823
554	101	0.1820
555	101	0.1817
556	101	0.1813
557	101	0.1810
558	101	0.1807
559	101	0.1804
560	101	0.1800
561	101	0.1797
562	101	0.1794
563	101	0.1791
564	101	0.1788
565	101	0.1784
566	101	0.1781
567	102	0.1796
568	102	0.1793
569	102	0.1789
570	102	0.1786
571	102	0.1783
572	102	0.1780
573	102	0.1777
574	103	0.1791
575	104	0.1806
576	105	0.1820
577	106	0.1834
578	107	0.1848
579	108	0.1862
580	108	0.1859
581	108	0.1856
582	108	0.1852
583	109	0.1866
584	110	0.1880
585	110	0.1877
586	110	0.1874
587	110	0.1871
588	110	0.1868
589	110	0.1864
590	110	0.1861
591	110	0.1858
592	111	0.1872
593	111	0.1869
594	111	0.1866
595	111	0.1862
596	111	0.1859
597	111	0.1856
598	111	0.1853
599	111	0.1850
600	111	0.1847
601	111	0.1844
602	111	0.1841
603	111	0.1838
604	111	0.1835
605	111	0.1832
606	111	0.1829
607	111	0.1826
608	111	0.1823
609	111	0.1820
610	111	0.1817
611	111	0.1814
612	111	0.1811
613	111	0.1808
614	111	0.1805
615	111	0.1802
616	111	0.1799
617	111	0.1796
618	111	0.1793
619	111	0.1790
620	111	0.1787
621	111	0.1785
622	111	0.1782
623	111	0.1779
624	111	0.1776
625	111	0.1773
626	111	0.1770
627	111	0.1768
628	111	0.1765
629	111	0.1762
630	111	0.1759
631	111	0.1756
632	111	0.1754
633	111	0.1751
634	111	0.1748
635	111	0.1745
636	111	0.1743
637	111	0.1740
638	111	0.1737
639	111	0.1734
640	111	0.1732
641	111	0.1729
642	111	0.1726
643	111	0.1724
644	111	0.1721
645	111	0.1718
646	111	0.1716
647	111	0.1713
648	111	0.1710
649	111	0.1708
650	111	0.1705
651	111	0.1702
652	111	0.1700
653	111	0.1697
654	111	0.1695
655	111	0.1692
656	111	0.1689
657	111	0.1687
658	111	0.1684
659	111	0.1682
660	112	0.1694
661	112	0.1692
662	112	0.1689
663	112	0.1687
664	112	0.1684
665	112	0.1682
666	112	0.1679
667	112	0.1677
668	112	0.1674
669	112	0.1672
670	112	0.1669
671	112	0.1667
672	112	0.1664
673	112	0.1662
674	112	0.1659
675	112	0.1657
676	112	0.1654
677	112	0.1652
678	112	0.1649
679	112	0.1647
680	112	0.1645
681	113	0.1657
682	113	0.1654
683	113	0.1652
684	113	0.1650
685	113	0.1647
686	113	0.1645
687	113	0.1642
688	113	0.1640
689	113	0.1638
690	113	0.1635
691	114	0.1647
692	115	0.1659
693	116	0.1671
694	116	0.1669
695	117	0.1681
696	117	0.1679
697	117	0.1676
698	117	0.1674
699	117	0.1671
700	117	0.1669
701	117	0.1667
702	117	0.1664
703	117	0.1662
704	117	0.1660
705	117	0.1657
706	117	0.1655
707	117	0.1653
708	117	0.1650
709	117	0.1648
710	117	0.1646
711	118	0.1657
712	119	0.1669
713	120	0.1681
714	121	0.1692
715	121	0.1690
716	121	0.1688
717	122	0.1699
718	122	0.1697
719	122	0.1694
720	122	0.1692
721	122	0.1690
722	122	0.1687
723	122	0.1685
724	122	0.1683
725	122	0.1680
726	122	0.1678
727	122	0.1676
728	122	0.1674
729	122	0.1671
730	122	0.1669
731	122	0.1667
732	122	0.1664
733	122	0.1662
734	122	0.1660
735	122	0.1658
736	122	0.1655
737	122	0.1653
738	122	0.1651
739	122	0.1649
740	122	0.1646
741	122	0.1644
742	122	0.1642
743	122	0.1640
744	122	0.1638
745	123	0.1649
746	124	0.1660
747	124	0.1658
748	124	0.1656
749	125	0.1667
750	125	0.1664
751	125	0.1662
752	125	0.1660
753	125	0.1658
754	125	0.1656
755	125	0.1653
756	125	0.1651
757	125	0.1649
758	125	0.1647
759	125	0.1645
760	125	0.1643
761	125	0.1640
762	125	0.1638
763	125	0.1636
764	125	0.1634
765	125	0.1632
766	125	0.1630
767	125	0.1628
768	125	0.1625
769	125	0.1623
770	125	0.1621
771	125	0.1619
772	125	0.1617
773	125	0.1615
774	125	0.1613
775	125	0.1611
776	125	0.1609
777	125	0.1607
778	125	0.1605
779	125	0.1603
780	125	0.1601
781	125	0.1598
782	125	0.1596
783	125	0.1594
784	125	0.1592
785	125	0.1590
786	125	0.1588
787	125	0.1586
788	125	0.1584
789	125	0.1582
790	125	0.1580
791	125	0.1578
792	125	0.1576
793	125	0.1574
794	125	0.1572
795	125	0.1570
796	125	0.1568
797	125	0.1566
798	125	0.1564
799	125	0.1562
800	125	0.1561
801	125	0.1559
802	125	0.1557
803	125	0.1555
804	125	0.1553
805	125	0.1551
806	125	0.1549
807	125	0.1547
808	126	0.1557
809	126	0.1556
810	126	0.1554
811	126	0.1552
812	126	0.1550
813	126	0.1548
814	126	0.1546
815	126	0.1544
816	126	0.1542
817	126	0.1540
818	126	0.1538
819	127	0.1549
820	128	0.1559
821	128	0.1557
822	128	0.1555
823	128	0.1553
824	128	0.1552
825	128	0.1550
826	128	0.1548
827	128	0.1546
828	128	0.1544
829	128	0.1542
830	128	0.1540
831	128	0.1538
832	128	0.1537
833	128	0.1535
834	128	0.1533
835	128	0.1531
836	128	0.1529
837	128	0.1527
838	128	0.1526
839	128	0.1524
840	128	0.1522
841	128	0.1520
842	128	0.1518
843	128	0.1517
844	128	0.1515
845	128	0.1513
846	128	0.1511
847	128	0.1509
848	129	0.1519
849	130	0.1529
850	131	0.1539
851	132	0.1549
852	132	0.1547
853	132	0.1546
854	132	0.1544
855	132	0.1542
856	132	0.1540
857	132	0.1538
858	132	0.1537
859	132	0.1535
860	132	0.1533
861	132	0.1531
862	132	0.1530
863	132	0.1528
864	132	0.1526
865	132	0.1524
866	132	0.1522
867	132	0.1521
868	132	0.1519
869	132	0.1517
870	132	0.1515
871	132	0.1514
872	132	0.1512
873	132	0.1510
874	132	0.1509
875	132	0.1507
876	132	0.1505
877	132	0.1503
878	132	0.1502
879	132	0.1500
880	132	0.1498
881	132	0.1497
882	132	0.1495
883	132	0.1493
884	132	0.1492
885	132	0.1490
886	132	0.1488
887	132	0.1486
888	132	0.1485
889	132	0.1483
890	132	0.1481
891	132	0.1480
892	132	0.1478
893	132	0.1477
894	132	0.1475
895	132	0.1473
896	132	0.1472
897	132	0.1470
898	132	0.1468
899	132	0.1467
900	132	0.1465
901	132	0.1463
902	132	0.1462
903	132	0.1460
904	132	0.1459
905	132	0.1457
906	133	0.1466
907	134	0.1476
908	135	0.1485
909	136	0.1495
910	137	0.1504
911	137	0.1502
912	137	0.1501
913	137	0.1499
914	137	0.1497
915	137	0.1496
916	137	0.1494
917	137	0.1492
918	137	0.1491
919	137	0.1489
920	137	0.1488
921	137	0.1486
922	137	0.1484
923	137	0.1483
924	137	0.1481
925	137	0.1479
926	137	0.1478
927	137	0.1476
928	137	0.1475
929	137	0.1473
930	137	0.1472
931	137	0.1470
932	137	0.1468
933	137	0.1467
934	137	0.1465
935	137	0.1464
936	137	0.1462
937	137	0.1461
938	137	0.1459
939	137	0.1457
940	137	0.1456
941	137	0.1454
942	137	0.1453
943	137	0.1451
944	137	0.1450
945	137	0.1448
946	137	0.1447
947	137	0.1445
948	137	0.1444
949	137	0.1442
950	137	0.1441
951	137	0.1439
952	137	0.1438
953	137	0.1436
954	137	0.1435
955	137	0.1433
956	137	0.1432
957	137	0.1430
958	137	0.1429
959	137	0.1427
960	137	0.1426
961	137	0.1424
962	137	0.1423
963	137	0.1421
964	137	0.1420
965	137	0.1418
966	137	0.1417
967	138	0.1426
968	139	0.1434
969	140	0.1443
970	141	0.1452
971	141	0.1451
972	141	0.1449
973	141	0.1448
974	141	0.1446
975	141	0.1445
976	141	0.1443
977	141	0.1442
978	141	0.1440
979	141	0.1439
980	141	0.1437
981	141	0.1436
982	141	0.1434
983	141	0.1433
984	141	0.1431
985	141	0.1430
986	141	0.1429
987	141	0.1427
988	141	0.1426
989	141	0.1424
990	141	0.1423
991	141	0.1421
992	141	0.1420
993	141	0.1419
994	141	0.1417
995	141	0.1416
996	141	0.1414
997	141	0.1413
998	141	0.1411
999	141	0.1410
