1 = STABLE_STATE, 0 = EXCITED_STATE
Step	 X 	 Y 	 d 	 state 
0	-0.2587	-1.8190	1.8373	0
1	-0.5173	-1.3910	1.4841	0
2	-0.5173	-1.3910	1.4841	0
3	-0.9843	-1.2125	1.5617	0
4	-0.9843	-1.2125	1.5617	0
5	-0.9843	-1.2125	1.5617	0
6	-1.0649	-0.7190	1.2849	0
7	-0.5791	-0.6008	0.8345	0
8	-0.4800	-1.0909	1.1918	0
9	-0.4800	-1.0909	1.1918	0
10	-0.6512	-0.6211	0.8999	0
11	-0.4603	-0.1590	0.4870	1
12	-0.1604	-0.5591	0.5816	1
13	0.1139	-0.1410	0.1813	1
14	0.1139	-0.1410	0.1813	1
15	0.1139	-0.1410	0.1813	1
16	0.1139	-0.1410	0.1813	1
17	-0.0578	-0.6106	0.6133	1
18	-0.2936	-1.0516	1.0918	0
19	-0.2936	-1.0516	1.0918	0
20	-0.4966	-0.5946	0.7747	0
21	-0.9849	-0.7022	1.2096	0
22	-1.4678	-0.5725	1.5755	0
23	-1.1179	-0.9297	1.4540	0
24	-1.4405	-0.5476	1.5411	0
25	-1.4405	-0.5476	1.5411	0
26	-1.4405	-0.5476	1.5411	0
27	-1.1992	-0.1097	1.2042	0
28	-1.5910	-0.4204	1.6456	0
29	-1.6723	-0.9137	1.9056	0
30	-1.6723	-0.9137	1.9056	0
31	-1.6723	-0.9137	1.9056	0
32	-1.2462	-0.6521	1.4065	0
33	-0.7629	-0.7802	1.0912	0
34	-0.2678	-0.8502	0.8913	0
35	0.0559	-0.4691	0.4724	1
36	-0.0030	0.0274	0.0276	1
37	-0.3039	-0.3719	0.4803	1
38	0.0271	0.0029	0.0272	1
39	0.0271	0.0029	0.0272	1
40	0.0271	0.0029	0.0272	1
41	-0.4130	-0.2344	0.4749	1
42	-0.5782	0.2375	0.6251	1
43	-0.2442	0.6096	0.6567	1
44	-0.2244	1.1092	1.1317	0
45	0.2755	1.1196	1.1530	0
46	-0.2232	1.1559	1.1772	0
47	-0.5608	1.5247	1.6245	0
48	-0.9186	1.1754	1.4918	0
49	-0.4857	1.4255	1.5060	0
50	-0.4857	1.4255	1.5060	0
51	-0.4857	1.4255	1.5060	0
52	-0.3259	0.9518	1.0060	0
53	-0.4539	1.4351	1.5052	0
54	0.0435	1.4867	1.4873	0
55	-0.4535	1.4320	1.5021	0
56	-0.4535	1.4320	1.5021	0
57	0.0293	1.5619	1.5622	0
58	0.0293	1.5619	1.5622	0
59	0.4057	1.8911	1.9341	0
60	0.4057	1.8911	1.9341	0
61	0.5077	1.4016	1.4907	0
62	0.5077	1.4016	1.4907	0
63	0.5077	1.4016	1.4907	0
64	0.0107	1.3473	1.3473	0
65	-0.4559	1.1676	1.2535	0
66	-0.4559	1.1676	1.2535	0
67	-0.6914	1.6087	1.7510	0
68	-0.6914	1.6087	1.7510	0
69	-0.9953	1.2117	1.5681	0
70	-0.9953	1.2117	1.5681	0
71	-1.3107	0.8237	1.5480	0
72	-1.5693	0.3958	1.6184	0
73	-1.1613	0.1067	1.1662	0
74	-1.4457	0.5180	1.5357	0
75	-1.0323	0.7992	1.3055	0
76	-1.0323	0.7992	1.3055	0
77	-1.5323	0.8014	1.7292	0
78	-1.2679	1.2257	1.7635	0
79	-1.6129	0.8638	1.8296	0
80	-1.6129	0.8638	1.8296	0
81	-1.6129	0.8638	1.8296	0
82	-1.6942	0.3705	1.7342	0
83	-1.6942	0.3705	1.7342	0
84	-1.3893	0.7668	1.5869	0
85	-1.7490	0.4194	1.7986	0
86	-1.7490	0.4194	1.7986	0
87	-1.5484	-0.0386	1.5489	0
88	-1.5484	-0.0386	1.5489	0
89	-1.9738	-0.3013	1.9967	0
90	-1.9738	-0.3013	1.9967	0
91	-1.5248	-0.5211	1.6114	0
92	-1.2298	-0.1174	1.2354	0
93	-1.2106	-0.6170	1.3588	0
94	-0.8913	-1.0018	1.3409	0
95	-0.4123	-1.1452	1.2171	0
96	-0.4123	-1.1452	1.2171	0
97	-0.5399	-1.6286	1.7158	0
98	-0.5399	-1.6286	1.7158	0
99	-0.3078	-1.1857	1.2250	0
100	-0.0122	-1.5890	1.5890	0
101	0.4793	-1.6807	1.7477	0
102	0.4793	-1.6807	1.7477	0
103	0.4793	-1.6807	1.7477	0
104	0.4793	-1.6807	1.7477	0
105	0.4793	-1.6807	1.7477	0
106	0.0799	-1.3800	1.3823	0
107	0.1187	-0.8815	0.8895	0
108	0.4646	-1.2426	1.3266	0
109	0.3324	-0.7604	0.8299	0
110	0.6920	-1.1078	1.3062	0
111	0.6920	-1.1078	1.3062	0
112	0.6920	-1.1078	1.3062	0
113	0.9156	-1.5550	1.8046	0
114	0.9156	-1.5550	1.8046	0
115	0.9156	-1.5550	1.8046	0
116	0.9156	-1.5550	1.8046	0
117	0.4388	-1.4043	1.4713	0
118	-0.0348	-1.2441	1.2446	0
119	0.4564	-1.3376	1.4133	0
120	0.4564	-1.3376	1.4133	0
121	0.4378	-0.8380	0.9454	0
122	0.7186	-1.2516	1.4433	0
123	1.0384	-1.6360	1.9377	0
124	0.7445	-1.2315	1.4391	0
125	0.3200	-0.9673	1.0189	0
126	0.5009	-1.4334	1.5184	0
127	0.0519	-1.6534	1.6542	0
128	0.5461	-1.7291	1.8133	0
129	0.8275	-1.3158	1.5544	0
130	0.8275	-1.3158	1.5544	0
131	0.8275	-1.3158	1.5544	0
132	1.3262	-1.2792	1.8426	0
133	1.3262	-1.2792	1.8426	0
134	1.6444	-0.8935	1.8714	0
135	1.6444	-0.8935	1.8714	0
136	1.3065	-0.5249	1.4080	0
137	1.5436	-0.0847	1.5459	0
138	1.0821	0.1077	1.0874	0
139	1.0821	0.1077	1.0874	0
140	1.0821	0.1077	1.0874	0
141	1.0821	0.1077	1.0874	0
142	1.5534	-0.0593	1.5545	0
143	1.4352	0.4265	1.4972	0
144	1.4352	0.4265	1.4972	0
145	1.6872	-0.0053	1.6872	0
146	1.5745	0.4818	1.6466	0
147	1.5745	0.4818	1.6466	0
148	1.6593	0.9746	1.9244	0
149	1.1984	1.1683	1.6736	0
150	0.7655	1.4184	1.6118	0
151	0.7655	1.4184	1.6118	0
152	1.0262	0.9917	1.4271	0
153	1.0262	0.9917	1.4271	0
154	0.5286	0.9425	1.0806	0
155	0.2652	0.5175	0.5815	1
156	-0.2348	0.5206	0.5711	1
157	0.2255	0.3254	0.3959	1
158	0.2255	0.3254	0.3959	1
159	0.2309	-0.1746	0.2895	1
160	0.4966	0.2490	0.5555	1
161	0.9767	0.3887	1.0512	0
162	1.1583	0.8545	1.4394	0
163	1.1583	0.8545	1.4394	0
164	1.1583	0.8545	1.4394	0
165	1.6214	1.0430	1.9279	0
166	1.1322	1.1461	1.6110	0
167	1.2881	0.6710	1.4524	0
168	1.2881	0.6710	1.4524	0
169	1.5185	1.1148	1.8838	0
170	1.4021	0.6285	1.5366	0
171	1.4021	0.6285	1.5366	0
172	1.5449	1.1077	1.9010	0
173	1.5449	1.1077	1.9010	0
174	1.5449	1.1077	1.9010	0
175	1.1063	0.8676	1.4059	0
176	1.1766	0.3725	1.2342	0
177	1.1766	0.3725	1.2342	0
178	0.8029	0.7046	1.0682	0
179	0.3706	0.9559	1.0253	0
180	0.7562	0.6377	0.9892	0
181	0.3051	0.8534	0.9063	0
182	-0.0675	0.5199	0.5243	1
183	-0.5152	0.2974	0.5949	1
184	-0.2838	-0.1458	0.3191	1
185	0.2049	-0.0404	0.2088	1
186	0.2049	-0.0404	0.2088	1
187	-0.2945	-0.0161	0.2949	1
188	-0.2945	-0.0161	0.2949	1
189	0.1560	0.2008	0.2543	1
190	-0.2700	-0.0609	0.2768	1
191	0.1384	-0.3494	0.3758	1
192	-0.2995	-0.5908	0.6624	1
193	-0.5165	-0.1403	0.5353	1
194	-0.1500	-0.4804	0.5033	1
195	-0.0515	0.0098	0.0524	1
196	-0.0515	0.0098	0.0524	1
197	-0.0515	0.0098	0.0524	1
198	-0.0515	0.0098	0.0524	1
199	-0.0515	0.0098	0.0524	1
200	-0.0515	0.0098	0.0524	1
201	-0.0715	-0.4898	0.4950	1
202	-0.1748	-0.0006	0.1748	1
203	-0.1748	-0.0006	0.1748	1
204	-0.1748	-0.0006	0.1748	1
205	-0.1748	-0.0006	0.1748	1
206	-0.4451	-0.4212	0.6128	1
207	-0.3640	-0.9146	0.9844	0
208	-0.0674	-1.3171	1.3188	0
209	0.4240	-1.2250	1.2963	0
210	0.6154	-1.6869	1.7956	0
211	0.1223	-1.7695	1.7738	0
212	0.1223	-1.7695	1.7738	0
213	-0.1799	-1.3712	1.3830	0
214	0.3197	-1.3896	1.4259	0
215	0.3865	-0.8941	0.9740	0
216	-0.0504	-1.1372	1.1383	0
217	0.4235	-0.9777	1.0655	0
218	0.7657	-1.3423	1.5453	0
219	0.7676	-1.8423	1.9958	0
220	0.7676	-1.8423	1.9958	0
221	0.7676	-1.8423	1.9958	0
222	0.7676	-1.8423	1.9958	0
223	0.2703	-1.7900	1.8103	0
224	0.5439	-1.3715	1.4754	0
225	0.5439	-1.3715	1.4754	0
226	1.0392	-1.3029	1.6666	0
227	1.0392	-1.3029	1.6666	0
228	1.2534	-0.8511	1.5151	0
229	0.9987	-0.4209	1.0838	0
230	0.6985	-0.8208	1.0778	0
231	0.7756	-1.3148	1.5265	0
232	0.2905	-1.4357	1.4648	0
233	0.2905	-1.4357	1.4648	0
234	0.2905	-1.4357	1.4648	0
235	0.2905	-1.4357	1.4648	0
236	0.0890	-0.9781	0.9821	0
237	0.2773	-1.4413	1.4677	0
238	0.6457	-1.1032	1.2783	0
239	1.1170	-0.9364	1.4576	0
240	0.7071	-0.6502	0.9605	0
241	0.3216	-0.3317	0.4620	1
242	0.1307	0.1304	0.1847	1
243	0.1307	0.1304	0.1847	1
244	0.1307	0.1304	0.1847	1
245	-0.2131	-0.2326	0.3154	1
246	0.2861	-0.2607	0.3871	1
247	0.1079	-0.7279	0.7358	0
248	0.4051	-1.1300	1.2004	0
249	0.6562	-1.5624	1.6945	0
250	0.8796	-1.1151	1.4203	0
251	0.8318	-0.6174	1.0359	0
252	0.4212	-0.9028	0.9962	0
253	0.8954	-1.0614	1.3886	0
254	0.8420	-0.5643	1.0136	0
255	0.8420	-0.5643	1.0136	0
256	0.3436	-0.5234	0.6261	1
257	0.6717	-0.9008	1.1236	0
258	0.3501	-0.5179	0.6251	1
259	0.8318	-0.6518	1.0568	0
260	1.1031	-1.0718	1.5381	0
261	1.1633	-0.5754	1.2978	0
262	1.1183	-0.0774	1.1210	0
263	0.9862	0.4048	1.0660	0
264	0.5197	0.2249	0.5663	1
265	0.6768	-0.2498	0.7215	0
266	1.1676	-0.3457	1.2177	0
267	1.3709	-0.8025	1.5885	0
268	1.3709	-0.8025	1.5885	0
269	1.3709	-0.8025	1.5885	0
270	1.7628	-0.4920	1.8302	0
271	1.3387	-0.2271	1.3578	0
272	1.6638	0.1528	1.6708	0
273	1.4752	-0.3103	1.5075	0
274	0.9779	-0.2583	1.0114	0
275	1.3115	0.1141	1.3164	0
276	1.3115	0.1141	1.3164	0
277	1.7098	0.4163	1.7598	0
278	1.7098	0.4163	1.7598	0
279	1.5713	-0.0641	1.5726	0
280	1.0820	-0.1670	1.0948	0
281	0.6183	-0.3538	0.7123	0
282	0.1189	-0.3788	0.3970	1
283	0.1189	-0.3788	0.3970	1
284	0.4912	-0.0451	0.4933	1
285	0.9781	-0.1588	0.9910	0
286	0.4786	-0.1792	0.5110	1
287	0.6231	0.2995	0.6913	1
288	1.1231	0.2958	1.1614	0
289	0.8781	0.7317	1.1430	0
290	0.3906	0.8428	0.9289	0
291	0.7112	0.4590	0.8464	0
292	0.7112	0.4590	0.8464	0
293	1.1353	0.7238	1.3464	0
294	1.4798	0.3614	1.5233	0
295	1.4798	0.3614	1.5233	0
296	0.9808	0.3301	1.0348	0
297	1.4130	0.5814	1.5280	0
298	1.1912	0.1333	1.1986	0
299	1.1912	0.1333	1.1986	0
300	0.9708	-0.3155	1.0208	0
301	1.0015	0.1835	1.0182	0
302	0.5015	0.1897	0.5362	1
303	0.1548	0.5499	0.5713	1
304	0.2932	1.0304	1.0713	0
305	-0.0504	1.3936	1.3945	0
306	-0.0504	1.3936	1.3945	0
307	-0.5426	1.3061	1.4143	0
308	-0.0464	1.3673	1.3681	0
309	-0.0464	1.3673	1.3681	0
310	-0.4272	1.0433	1.1274	0
311	0.0728	1.0435	1.0460	0
312	0.4800	1.3337	1.4174	0
313	0.1779	1.7321	1.7412	0
314	-0.1339	1.3412	1.3479	0
315	-0.1339	1.3412	1.3479	0
316	-0.6126	1.4855	1.6069	0
317	-1.0853	1.3226	1.7109	0
318	-1.5394	1.1133	1.8997	0
319	-1.0394	1.1189	1.5272	0
320	-0.5860	0.9081	1.0808	0
321	-0.2807	1.3041	1.3340	0
322	0.1920	1.1410	1.1571	0
323	0.1920	1.1410	1.1571	0
324	0.6532	0.9479	1.1512	0
325	0.6532	0.9479	1.1512	0
326	1.1494	1.0092	1.5296	0
327	1.3862	0.5688	1.4983	0
328	1.3773	0.0689	1.3790	0
329	1.6547	-0.3472	1.6907	0
330	1.9888	0.0249	1.9889	0
331	1.4891	0.0446	1.4898	0
332	1.9122	-0.2219	1.9250	0
333	1.9122	-0.2219	1.9250	0
334	1.9122	-0.2219	1.9250	0
335	1.9122	-0.2219	1.9250	0
336	1.9122	-0.2219	1.9250	0
337	1.4132	-0.1898	1.4259	0
338	1.1298	-0.6017	1.2800	0
339	1.1298	-0.6017	1.2800	0
340	1.4330	-0.2042	1.4475	0
341	1.5466	-0.6911	1.6940	0
342	1.5466	-0.6911	1.6940	0
343	1.0683	-0.8368	1.3570	0
344	0.6272	-1.0721	1.2421	0
345	0.6272	-1.0721	1.2421	0
346	0.9195	-1.4778	1.7405	0
347	0.9526	-0.9789	1.3659	0
348	1.2816	-0.6024	1.4161	0
349	1.6732	-0.2914	1.6984	0
350	1.4072	0.1319	1.4134	0
351	1.4072	0.1319	1.4134	0
352	1.1132	-0.2725	1.1461	0
353	1.1132	-0.2725	1.1461	0
354	1.4071	0.1320	1.4133	0
355	1.8784	-0.0350	1.8788	0
356	1.7414	0.4459	1.7976	0
357	1.7414	0.4459	1.7976	0
358	1.6604	0.9393	1.9077	0
359	1.3933	1.3619	1.9484	0
360	1.0337	1.0145	1.4484	0
361	1.0337	1.0145	1.4484	0
362	1.0337	1.0145	1.4484	0
363	1.4802	1.2396	1.9307	0
364	1.4802	1.2396	1.9307	0
365	1.2556	0.7929	1.4850	0
366	1.2556	0.7929	1.4850	0
367	1.2556	0.7929	1.4850	0
368	1.2556	0.7929	1.4850	0
369	0.7662	0.6904	1.0314	0
370	0.2929	0.8516	0.9005	0
371	0.1326	0.3780	0.4005	1
372	-0.2796	0.0949	0.2953	1
373	0.2089	-0.0118	0.2092	1
374	0.0144	0.4488	0.4490	1
375	0.5128	0.4884	0.7082	0
376	0.4850	-0.0108	0.4852	1
377	-0.0109	0.0532	0.0543	1
378	-0.0109	0.0532	0.0543	1
379	-0.0109	0.0532	0.0543	1
380	-0.4919	0.1896	0.5272	1
381	-0.1765	-0.1984	0.2655	1
382	-0.1765	-0.1984	0.2655	1
383	0.1125	0.2096	0.2379	1
384	0.3989	-0.2003	0.4463	1
385	0.4656	-0.6958	0.8372	0
386	-0.0236	-0.7993	0.7997	0
387	0.4351	-0.9983	1.0890	0
388	0.9282	-0.9158	1.3039	0
389	0.9282	-0.9158	1.3039	0
390	0.9282	-0.9158	1.3039	0
391	1.3719	-0.6852	1.5335	0
392	0.8735	-0.7254	1.1354	0
393	0.6217	-1.1573	1.3137	0
394	0.1506	-0.9896	1.0010	0
395	0.5901	-1.2281	1.3625	0
396	0.9800	-0.9151	1.3408	0
397	0.6177	-1.2597	1.4029	0
398	0.1199	-1.3064	1.3119	0
399	0.2785	-0.8323	0.8776	0
400	-0.1746	-0.6209	0.6449	1
401	0.0758	-0.1881	0.2028	1
402	0.0013	-0.6825	0.6825	1
403	0.4427	-0.4477	0.6296	1
404	0.2284	-0.8994	0.9280	0
405	-0.2293	-0.6982	0.7348	0
406	-0.3978	-0.2274	0.4582	1
407	-0.3346	0.2686	0.4291	1
408	0.0333	0.6071	0.6080	1
409	-0.3726	0.8990	0.9732	0
410	-0.4148	0.4008	0.5768	1
411	-0.0520	0.0567	0.0770	1
412	-0.0520	0.0567	0.0770	1
413	-0.0520	0.0567	0.0770	1
414	-0.0520	0.0567	0.0770	1
415	0.2820	-0.3153	0.4230	1
416	0.3139	-0.8143	0.8727	0
417	-0.1740	-0.9234	0.9397	0
418	0.1099	-1.3350	1.3395	0
419	-0.3796	-1.4367	1.4860	0
420	-0.4253	-0.9388	1.0306	0
421	-0.4253	-0.9388	1.0306	0
422	-0.0506	-1.2698	1.2708	0
423	-0.5373	-1.3843	1.4849	0
424	-0.5373	-1.3843	1.4849	0
425	-0.8074	-0.9635	1.2571	0
426	-0.8074	-0.9635	1.2571	0
427	-0.7291	-0.4697	0.8673	0
428	-1.2182	-0.3660	1.2720	0
429	-1.2182	-0.3660	1.2720	0
430	-1.2182	-0.3660	1.2720	0
431	-1.1210	0.1245	1.1279	0
432	-0.7305	0.4367	0.8511	0
433	-0.2513	0.5795	0.6317	1
434	-0.1107	0.0997	0.1490	1
435	0.0575	-0.3712	0.3756	1
436	-0.2709	-0.7482	0.7957	0
437	0.2189	-0.6478	0.6838	1
438	0.6774	-0.4482	0.8122	0
439	0.6176	-0.9446	1.1285	0
440	0.3833	-1.3863	1.4383	0
441	0.3833	-1.3863	1.4383	0
442	0.3833	-1.3863	1.4383	0
443	0.5380	-0.9108	1.0579	0
444	0.2467	-0.5045	0.5616	1
445	0.7416	-0.5754	0.9387	0
446	1.1669	-0.3125	1.2081	0
447	1.1669	-0.3125	1.2081	0
448	1.2293	-0.8086	1.4714	0
449	0.7572	-0.9734	1.2332	0
450	0.2618	-1.0410	1.0735	0
451	0.3170	-0.5441	0.6297	1
452	-0.1571	-0.7028	0.7202	0
453	-0.6501	-0.7865	1.0204	0
454	-0.9493	-0.3860	1.0248	0
455	-0.7033	0.0493	0.7050	0
456	-1.0684	0.3909	1.1377	0
457	-1.0684	0.3909	1.1377	0
458	-0.5735	0.3198	0.6567	1
459	-0.0743	0.3478	0.3557	1
460	0.3455	0.0762	0.3538	1
461	0.8449	0.0522	0.8465	0
462	0.6767	0.5231	0.8553	0
463	0.2243	0.7359	0.7693	0
464	-0.1834	0.4464	0.4826	1
465	0.2411	0.7106	0.7504	0
466	0.1868	1.2076	1.2220	0
467	0.1868	1.2076	1.2220	0
468	0.5224	0.8370	0.9866	0
469	0.9459	1.1028	1.4528	0
470	0.6424	1.5001	1.6319	0
471	0.6424	1.5001	1.6319	0
472	0.6424	1.5001	1.6319	0
473	0.6913	1.0025	1.2178	0
474	0.8729	1.4684	1.7083	0
475	1.2584	1.1499	1.7046	0
476	1.3476	0.6579	1.4996	0
477	1.3476	0.6579	1.4996	0
478	1.1114	0.2172	1.1325	0
479	1.1114	0.2172	1.1325	0
480	0.6250	0.3330	0.7082	0
481	0.9231	-0.0685	0.9256	0
482	0.4582	0.1156	0.4726	1
483	0.5201	-0.3806	0.6444	1
484	0.2406	-0.7952	0.8308	0
485	0.5551	-1.1839	1.3076	0
486	0.5551	-1.1839	1.3076	0
487	0.5551	-1.1839	1.3076	0
488	0.3121	-1.6210	1.6507	0
489	0.7689	-1.8242	1.9797	0
490	0.7689	-1.8242	1.9797	0
491	0.7689	-1.8242	1.9797	0
492	0.7689	-1.8242	1.9797	0
493	1.1452	-1.4949	1.8831	0
494	0.7581	-1.1783	1.4012	0
495	0.3376	-1.4488	1.4876	0
496	-0.1456	-1.5774	1.5841	0
497	-0.1456	-1.5774	1.5841	0
498	0.3524	-1.5328	1.5728	0
499	0.7949	-1.7657	1.9364	0
500	0.7949	-1.7657	1.9364	0
501	0.7949	-1.7657	1.9364	0
502	1.1449	-1.4086	1.8151	0
503	1.1449	-1.4086	1.8151	0
504	1.1449	-1.4086	1.8151	0
505	0.8008	-1.7714	1.9440	0
506	0.8008	-1.7714	1.9440	0
507	0.8008	-1.7714	1.9440	0
508	0.8008	-1.7714	1.9440	0
509	0.8008	-1.7714	1.9440	0
510	1.0206	-1.3222	1.6703	0
511	0.6713	-0.9645	1.1751	0
512	0.2692	-1.2617	1.2901	0
513	-0.1997	-1.0881	1.1062	0
514	-0.6728	-0.9265	1.1451	0
515	-1.1493	-1.0783	1.5759	0
516	-1.5706	-0.8090	1.7667	0
517	-1.5706	-0.8090	1.7667	0
518	-1.5706	-0.8090	1.7667	0
519	-1.0706	-0.8130	1.3443	0
520	-1.2230	-0.3368	1.2685	0
521	-1.1611	0.1593	1.1720	0
522	-1.5815	-0.1113	1.5855	0
523	-1.0878	-0.1900	1.1042	0
524	-0.9142	0.2790	0.9559	0
525	-1.1731	-0.1488	1.1825	0
526	-1.1731	-0.1488	1.1825	0
527	-1.1731	-0.1488	1.1825	0
528	-1.6400	-0.3277	1.6724	0
529	-1.6536	0.1721	1.6625	0
530	-1.6536	0.1721	1.6625	0
531	-1.7608	-0.3163	1.7890	0
532	-1.2637	-0.3703	1.3169	0
533	-1.2624	0.1297	1.2690	0
534	-1.6878	0.3924	1.7328	0
535	-1.6878	0.3924	1.7328	0
536	-1.6965	-0.1075	1.6999	0
537	-1.8694	-0.5766	1.9564	0
538	-1.8694	-0.5766	1.9564	0
539	-1.5958	-0.1582	1.6036	0
540	-1.5958	-0.1582	1.6036	0
541	-1.5958	-0.1582	1.6036	0
542	-1.1650	-0.4120	1.2357	0
543	-1.3044	-0.8922	1.5803	0
544	-0.8098	-0.8189	1.1517	0
545	-0.6845	-0.3349	0.7620	0
546	-1.0388	-0.6877	1.2458	0
547	-1.5360	-0.6352	1.6622	0
548	-1.8687	-0.2619	1.8870	0
549	-1.5611	0.1323	1.5667	0
550	-1.1394	-0.1364	1.1475	0
551	-1.6280	-0.0303	1.6283	0
552	-1.6280	-0.0303	1.6283	0
553	-1.6280	-0.0303	1.6283	0
554	-1.4506	-0.4978	1.5336	0
555	-1.4506	-0.4978	1.5336	0
556	-1.0658	-0.1785	1.0806	0
557	-1.5285	-0.3680	1.5722	0
558	-1.2847	0.0686	1.2865	0
559	-1.2847	0.0686	1.2865	0
560	-1.0456	0.5077	1.1623	0
561	-0.5832	0.6981	0.9097	0
562	-0.8247	0.2602	0.8648	0
563	-0.8408	0.7600	1.1334	0
564	-0.8408	0.7600	1.1334	0
565	-1.2134	0.4266	1.2862	0
566	-0.7690	0.1974	0.7940	0
567	-0.2991	0.0266	0.3003	1
568	-0.7754	0.1788	0.7957	0
569	-1.1370	0.5241	1.2520	0
570	-1.1370	0.5241	1.2520	0
571	-1.1914	0.0270	1.1917	0
572	-1.1914	0.0270	1.1917	0
573	-0.7902	-0.2713	0.8355	0
574	-0.5533	0.1690	0.5785	1
575	-0.2755	0.5847	0.6464	1
576	-0.0516	0.1376	0.1470	1
577	-0.0516	0.1376	0.1470	1
578	-0.0516	0.1376	0.1470	1
579	0.2353	0.5471	0.5956	1
580	0.4651	0.9912	1.0949	0
581	0.0577	1.2812	1.2825	0
582	-0.2936	0.9254	0.9709	0
583	-0.4902	0.4657	0.6762	1
584	-0.5520	-0.0305	0.5529	1
585	-0.7244	-0.4998	0.8801	0
586	-0.7960	-0.9946	1.2740	0
587	-1.0924	-1.3973	1.7737	0
588	-1.0924	-1.3973	1.7737	0
589	-0.6500	-1.1644	1.3335	0
590	-0.6500	-1.1644	1.3335	0
591	-0.7353	-0.6717	0.9959	0
592	-0.3016	-0.4228	0.5194	1
593	-0.6761	-0.7541	1.0128	0
594	-0.3113	-1.0961	1.1394	0
595	-0.8108	-1.1202	1.3828	0
596	-0.8108	-1.1202	1.3828	0
597	-0.3614	-0.9009	0.9707	0
598	0.0543	-1.1788	1.1800	0
599	0.0543	-1.1788	1.1800	0
600	0.4530	-1.4805	1.5482	0
601	0.9256	-1.6436	1.8863	0
602	0.9256	-1.6436	1.8863	0
603	0.9256	-1.6436	1.8863	0
604	0.4372	-1.7506	1.8044	0
605	0.4372	-1.7506	1.8044	0
606	-0.0459	-1.8793	1.8799	0
607	0.4495	-1.8118	1.8667	0
608	0.1933	-1.3824	1.3958	0
609	-0.2247	-1.6567	1.6719	0
610	-0.0988	-1.1728	1.1770	0
611	-0.0988	-1.1728	1.1770	0
612	-0.0988	-1.1728	1.1770	0
613	0.0059	-1.6618	1.6618	0
614	0.4236	-1.3871	1.4503	0
615	0.4236	-1.3871	1.4503	0
616	0.4236	-1.3871	1.4503	0
617	-0.0754	-1.3560	1.3581	0
618	0.4246	-1.3588	1.4236	0
619	0.4246	-1.3588	1.4236	0
620	0.4246	-1.3588	1.4236	0
621	-0.0124	-1.6017	1.6017	0
622	0.4460	-1.4022	1.4714	0
623	0.8418	-1.7077	1.9039	0
624	1.1550	-1.3180	1.7524	0
625	1.1550	-1.3180	1.7524	0
626	1.2943	-0.8377	1.5418	0
627	0.8496	-1.0663	1.3634	0
628	0.4873	-1.4110	1.4928	0
629	0.9815	-1.4869	1.7817	0
630	0.6580	-1.8681	1.9806	0
631	0.6580	-1.8681	1.9806	0
632	0.6580	-1.8681	1.9806	0
633	0.7496	-1.3766	1.5674	0
634	0.7496	-1.3766	1.5674	0
635	0.7496	-1.3766	1.5674	0
636	0.2600	-1.4777	1.5004	0
637	0.2600	-1.4777	1.5004	0
638	0.0047	-1.0478	1.0478	0
639	-0.2333	-1.4875	1.5057	0
640	0.0120	-1.0519	1.0519	0
641	-0.4848	-0.9956	1.1074	0
642	-0.4637	-1.4951	1.5654	0
643	-0.4637	-1.4951	1.5654	0
644	-0.9436	-1.3548	1.6510	0
645	-0.9154	-0.8556	1.2530	0
646	-0.4880	-1.1151	1.2172	0
647	-0.4880	-1.1151	1.2172	0
648	-0.9823	-1.0401	1.4306	0
649	-0.6289	-1.3937	1.5290	0
650	-0.6289	-1.3937	1.5290	0
651	-0.7536	-0.9095	1.1811	0
652	-0.3529	-0.6104	0.7051	0
653	-0.4643	-1.0979	1.1920	0
654	-0.0129	-0.8828	0.8829	0
655	-0.3675	-1.2353	1.2888	0
656	-0.3675	-1.2353	1.2888	0
657	-0.3675	-1.2353	1.2888	0
658	-0.5232	-0.7602	0.9229	0
659	-0.1305	-1.0696	1.0775	0
660	0.0430	-0.6006	0.6022	1
661	-0.0449	-1.0929	1.0938	0
662	-0.5215	-1.2441	1.3490	0
663	-1.0192	-1.2922	1.6458	0
664	-0.5476	-1.1260	1.2521	0
665	-0.2444	-1.5235	1.5430	0
666	0.2527	-1.5765	1.5967	0
667	0.2731	-1.0770	1.1111	0
668	0.0767	-1.5368	1.5387	0
669	-0.3868	-1.7242	1.7670	0
670	-0.6012	-1.2724	1.4073	0
671	-0.6012	-1.2724	1.4073	0
672	-0.6627	-0.7762	1.0206	0
673	-1.0892	-1.0372	1.5040	0
674	-0.5987	-0.9402	1.1147	0
675	-0.3373	-1.3664	1.4075	0
676	0.1045	-1.6006	1.6040	0
677	0.6044	-1.5893	1.7003	0
678	0.1750	-1.3331	1.3445	0
679	0.0171	-0.8587	0.8589	0
680	0.4471	-0.6035	0.7511	0
681	0.3628	-0.1107	0.3793	1
682	0.5595	-0.5703	0.7989	0
683	1.0373	-0.4232	1.1203	0
684	1.2852	-0.8575	1.5450	0
685	0.8367	-0.6363	1.0512	0
686	0.7511	-1.1289	1.3559	0
687	0.3770	-1.4607	1.5085	0
688	0.7746	-1.1575	1.3928	0
689	0.3244	-1.3751	1.4128	0
690	0.0089	-0.9872	0.9872	0
691	-0.0462	-0.4903	0.4924	1
692	-0.3845	-0.1220	0.4034	1
693	-0.0678	0.2649	0.2735	1
694	-0.4194	0.6205	0.7489	0
695	0.0759	0.5523	0.5575	1
696	0.5758	0.5637	0.8058	0
697	0.3937	1.0293	1.1021	0
698	0.3937	1.0293	1.1021	0
699	0.5787	1.4939	1.6020	0
700	0.5112	0.9984	1.1217	0
701	1.0112	1.0045	1.4253	0
702	1.0322	1.5040	1.8241	0
703	0.9352	1.0135	1.3791	0
704	0.9352	1.0135	1.3791	0
705	0.5205	1.2929	1.3937	0
706	0.0428	1.1455	1.1463	0
707	0.0428	1.1455	1.1463	0
708	-0.2932	0.7752	0.8288	0
709	-0.0905	1.2322	1.2355	0
710	0.0473	0.7516	0.7531	0
711	-0.1195	0.2802	0.3047	1
712	-0.1195	0.2802	0.3047	1
713	-0.1195	0.2802	0.3047	1
714	0.2069	0.6590	0.6907	1
715	0.1955	1.1589	1.1752	0
716	0.5893	0.8508	1.0350	0
717	0.2334	0.4997	0.5515	1
718	0.3445	0.9872	1.0455	0
719	0.0621	1.3998	1.4012	0
720	0.0621	1.3998	1.4012	0
721	-0.4175	1.5410	1.5965	0
722	-0.4175	1.5410	1.5965	0
723	-0.5159	1.0507	1.1705	0
724	-0.5159	1.0507	1.1705	0
725	-0.5159	1.0507	1.1705	0
726	-0.2562	1.4780	1.5001	0
727	-0.1511	1.9669	1.9727	0
728	-0.1511	1.9669	1.9727	0
729	-0.1511	1.9669	1.9727	0
730	-0.1511	1.9669	1.9727	0
731	-0.1511	1.9669	1.9727	0
732	-0.1511	1.9669	1.9727	0
733	-0.1511	1.9669	1.9727	0
734	-0.1511	1.9669	1.9727	0
735	-0.1511	1.9669	1.9727	0
736	-0.1511	1.9669	1.9727	0
737	-0.1511	1.9669	1.9727	0
738	-0.1511	1.9669	1.9727	0
739	-0.1511	1.9669	1.9727	0
740	-0.1511	1.9669	1.9727	0
741	0.2610	1.6837	1.7038	0
742	0.0284	1.2411	1.2414	0
743	0.5088	1.3798	1.4707	0
744	0.1123	1.0752	1.0810	0
745	0.2236	0.5877	0.6288	1
746	0.5400	0.2006	0.5760	1
747	1.0387	0.2369	1.0653	0
748	0.7252	-0.1526	0.7411	0
749	0.3392	-0.4704	0.5799	1
750	0.8246	-0.5901	1.0140	0
751	0.4968	-0.9676	1.0877	0
752	0.0890	-1.2569	1.2600	0
753	-0.1374	-1.7027	1.7082	0
754	-0.6374	-1.7096	1.8245	0
755	-0.6374	-1.7096	1.8245	0
756	-0.1449	-1.6232	1.6296	0
757	-0.1449	-1.6232	1.6296	0
758	0.2773	-1.8911	1.9113	0
759	0.6522	-1.5603	1.6911	0
760	0.6522	-1.5603	1.6911	0
761	0.7155	-1.0643	1.2825	0
762	1.1114	-0.7590	1.3459	0
763	0.6401	-0.9258	1.1256	0
764	1.1350	-0.8544	1.4206	0
765	0.6737	-1.0474	1.2454	0
766	0.6737	-1.0474	1.2454	0
767	1.0374	-1.3906	1.7349	0
768	0.8566	-0.9244	1.2603	0
769	1.3170	-1.1194	1.7285	0
770	1.3170	-1.1194	1.7285	0
771	0.8170	-1.1206	1.3868	0
772	0.3363	-1.2581	1.3023	0
773	0.3363	-1.2581	1.3023	0
774	0.8326	-1.1971	1.4582	0
775	0.8326	-1.1971	1.4582	0
776	0.8326	-1.1971	1.4582	0
777	0.8326	-1.1971	1.4582	0
778	0.4701	-1.5415	1.6116	0
779	0.5293	-1.0451	1.1715	0
780	0.5293	-1.0451	1.1715	0
781	0.5293	-1.0451	1.1715	0
782	1.0269	-0.9953	1.4301	0
783	1.1382	-0.5079	1.2464	0
784	1.4141	-0.9249	1.6897	0
785	1.3274	-1.4173	1.9419	0
786	0.8279	-1.3955	1.6226	0
787	0.3287	-1.3670	1.4060	0
788	0.4496	-0.8818	0.9898	0
789	0.7502	-1.2814	1.4848	0
790	0.6437	-0.7929	1.0213	0
791	1.0299	-1.1104	1.5145	0
792	0.6348	-1.4168	1.5526	0
793	0.6348	-1.4168	1.5526	0
794	0.1394	-1.3497	1.3568	0
795	0.4961	-0.9993	1.1157	0
796	0.9951	-1.0305	1.4326	0
797	1.4942	-1.0617	1.8330	0
798	1.4942	-1.0617	1.8330	0
799	1.4942	-1.0617	1.8330	0
800	1.6271	-0.5797	1.7273	0
801	1.6271	-0.5797	1.7273	0
802	1.4179	-1.0338	1.7548	0
803	0.9670	-0.8177	1.2664	0
804	0.6309	-1.1879	1.3450	0
805	0.1310	-1.1969	1.2041	0
806	-0.0804	-0.7438	0.7482	0
807	0.3944	-0.5871	0.7073	0
808	-0.0400	-0.3395	0.3418	1
809	-0.2992	-0.7671	0.8233	0
810	-0.1254	-1.2359	1.2422	0
811	-0.1254	-1.2359	1.2422	0
812	-0.4685	-1.5996	1.6668	0
813	-0.8032	-1.2282	1.4675	0
814	-0.8032	-1.2282	1.4675	0
815	-1.0058	-0.7710	1.2674	0
816	-0.7295	-1.1877	1.3939	0
817	-0.8789	-0.7106	1.1303	0
818	-1.1081	-0.2662	1.1396	0
819	-0.6493	-0.0674	0.6528	1
820	-0.3212	0.3099	0.4463	1
821	-0.0350	0.7199	0.7207	0
822	-0.3389	1.1169	1.1672	0
823	-0.6791	1.4833	1.6314	0
824	-0.6791	1.4833	1.6314	0
825	-1.1669	1.3736	1.8023	0
826	-1.1932	0.8743	1.4792	0
827	-1.4169	0.4271	1.4799	0
828	-1.2857	0.9096	1.5749	0
829	-1.2857	0.9096	1.5749	0
830	-0.8873	1.2117	1.5018	0
831	-0.9528	1.7074	1.9553	0
832	-0.9528	1.7074	1.9553	0
833	-0.8128	1.2274	1.4721	0
834	-0.8128	1.2274	1.4721	0
835	-0.8128	1.2274	1.4721	0
836	-0.8128	1.2274	1.4721	0
837	-0.9181	1.7162	1.9463	0
838	-0.6087	1.3234	1.4567	0
839	-0.1974	1.6078	1.6199	0
840	0.2646	1.4167	1.4412	0
841	0.6055	1.0510	1.2129	0
842	1.0967	1.1444	1.5850	0
843	1.5776	1.0076	1.8720	0
844	1.8017	0.5606	1.8869	0
845	1.5473	0.1302	1.5528	0
846	1.0836	0.3173	1.1291	0
847	0.9045	-0.1495	0.9168	0
848	0.4435	0.0440	0.4457	1
849	0.0549	-0.2707	0.2762	1
850	0.5434	-0.3771	0.6615	1
851	0.0988	-0.6057	0.6137	1
852	0.0760	-1.1052	1.1078	0
853	0.0760	-1.1052	1.1078	0
854	-0.4148	-1.2005	1.2702	0
855	-0.3621	-1.6978	1.7359	0
856	-0.3621	-1.6978	1.7359	0
857	-0.8122	-1.4800	1.6882	0
858	-1.0184	-1.0245	1.4446	0
859	-0.5956	-1.2915	1.4223	0
860	-0.5892	-0.7916	0.9868	0
861	-0.1061	-0.9202	0.9262	0
862	-0.1061	-0.9202	0.9262	0
863	-0.1947	-1.4122	1.4256	0
864	-0.1947	-1.4122	1.4256	0
865	-0.1454	-1.9098	1.9153	0
866	-0.1454	-1.9098	1.9153	0
867	0.2389	-1.5900	1.6078	0
868	-0.2540	-1.5064	1.5277	0
869	-0.4934	-1.0674	1.1760	0
870	-0.4934	-1.0674	1.1760	0
871	-0.0610	-0.8164	0.8186	0
872	-0.5519	-0.9116	1.0656	0
873	-0.5519	-0.9116	1.0656	0
874	-0.1935	-1.2603	1.2750	0
875	-0.3728	-1.7270	1.7668	0
876	-0.3728	-1.7270	1.7668	0
877	0.1208	-1.8068	1.8108	0
878	-0.0593	-1.3403	1.3416	0
879	-0.4684	-1.0528	1.1522	0
880	-0.8236	-1.4046	1.6282	0
881	-0.3256	-1.3604	1.3988	0
882	-0.6805	-1.7126	1.8428	0
883	-0.6805	-1.7126	1.8428	0
884	-0.6805	-1.7126	1.8428	0
885	-0.6805	-1.7126	1.8428	0
886	-0.9519	-1.2927	1.6053	0
887	-0.9519	-1.2927	1.6053	0
888	-0.8222	-0.8098	1.1540	0
889	-0.8222	-0.8098	1.1540	0
890	-0.3851	-1.0525	1.1207	0
891	-0.3851	-1.0525	1.1207	0
892	-0.6326	-0.6180	0.8844	0
893	-0.1896	-0.8499	0.8708	0
894	0.1572	-1.2101	1.2202	0
895	0.2694	-1.6973	1.7186	0
896	-0.2304	-1.7135	1.7289	0
897	-0.2304	-1.7135	1.7289	0
898	-0.2304	-1.7135	1.7289	0
899	-0.4980	-1.2911	1.3838	0
900	-0.6950	-0.8315	1.0837	0
901	-0.7798	-1.3243	1.5368	0
902	-0.7798	-1.3243	1.5368	0
903	-0.7798	-1.3243	1.5368	0
904	-0.7699	-0.8244	1.1280	0
905	-0.2702	-0.8404	0.8828	0
906	-0.1828	-0.3481	0.3932	1
907	0.2368	-0.0762	0.2487	1
908	0.2368	-0.0762	0.2487	1
909	0.2368	-0.0762	0.2487	1
910	0.5379	0.3230	0.6274	1
911	1.0366	0.3580	1.0967	0
912	1.0366	0.3580	1.0967	0
913	1.0906	-0.1390	1.0995	0
914	0.8456	-0.5749	1.0225	0
915	0.5793	-0.9981	1.1540	0
916	0.7460	-0.5267	0.9132	0
917	0.7460	-0.5267	0.9132	0
918	0.8572	-0.0392	0.8581	0
919	0.9239	0.4563	1.0305	0
920	1.3266	0.1600	1.3362	0
921	1.7998	-0.0015	1.7998	0
922	1.7397	0.4949	1.8088	0
923	1.5793	0.9684	1.8526	0
924	1.5793	0.9684	1.8526	0
925	1.8618	0.5559	1.9430	0
926	1.8618	0.5559	1.9430	0
927	1.3660	0.6208	1.5005	0
928	1.3660	0.6208	1.5005	0
929	1.6135	1.0553	1.9279	0
930	1.6135	1.0553	1.9279	0
931	1.6135	1.0553	1.9279	0
932	1.1821	0.8024	1.4287	0
933	1.6488	0.9819	1.9190	0
934	1.1779	0.8138	1.4317	0
935	1.4880	0.4216	1.5466	0
936	1.2948	0.8828	1.5671	0
937	1.5171	0.4349	1.5782	0
938	1.4757	0.9332	1.7460	0
939	1.2446	0.4898	1.3375	0
940	1.3594	0.0032	1.3594	0
941	1.3594	0.0032	1.3594	0
942	1.0664	-0.4020	1.1397	0
943	1.1821	0.0845	1.1851	0
944	0.8448	0.4536	0.9588	0
945	1.0723	0.0083	1.0723	0
946	1.0723	0.0083	1.0723	0
947	1.5268	0.2167	1.5421	0
948	1.9483	-0.0521	1.9490	0
949	1.9483	-0.0521	1.9490	0
950	1.5309	0.2231	1.5471	0
951	1.5309	0.2231	1.5471	0
952	1.0484	0.0920	1.0524	0
953	1.3521	0.4892	1.4379	0
954	0.9204	0.2369	0.9504	0
955	1.3500	-0.0191	1.3501	0
956	0.8885	0.1734	0.9053	0
957	1.2914	-0.1227	1.2972	0
958	1.7538	0.0676	1.7551	0
959	1.7538	0.0676	1.7551	0
960	1.3420	0.3513	1.3872	0
961	1.3420	0.3513	1.3872	0
962	1.2876	0.8483	1.5419	0
963	0.8944	0.5394	1.0445	0
964	0.9557	0.0432	0.9566	0
965	1.3645	0.3310	1.4041	0
966	1.0783	-0.0790	1.0812	0
967	0.5849	0.0018	0.5849	1
968	0.1271	0.2028	0.2393	1
969	0.6270	0.1980	0.6575	1
970	0.2045	0.4652	0.5082	1
971	0.7029	0.4253	0.8215	0
972	1.1646	0.6172	1.3180	0
973	0.7596	0.9104	1.1857	0
974	1.2097	1.1281	1.6541	0
975	0.7862	0.8623	1.1669	0
976	0.7862	0.8623	1.1669	0
977	0.6246	1.3354	1.4743	0
978	0.6246	1.3354	1.4743	0
979	0.3197	0.9392	0.9921	0
980	0.3197	0.9392	0.9921	0
981	0.5747	0.5091	0.7678	0
982	0.4091	0.9809	1.0628	0
983	0.7745	1.3221	1.5323	0
984	0.6531	1.8071	1.9215	0
985	0.6531	1.8071	1.9215	0
986	0.6531	1.8071	1.9215	0
987	0.6531	1.8071	1.9215	0
988	0.1852	1.6309	1.6414	0
989	0.1852	1.6309	1.6414	0
990	0.1852	1.6309	1.6414	0
991	0.1852	1.6309	1.6414	0
992	-0.3144	1.6509	1.6806	0
993	-0.3144	1.6509	1.6806	0
994	-0.3144	1.6509	1.6806	0
995	0.1109	1.9138	1.9170	0
996	0.1109	1.9138	1.9170	0
997	0.1109	1.9138	1.9170	0
998	-0.1212	1.4709	1.4759	0
999	-0.6196	1.5100	1.6322	0
