ATOM PART
-----------------------------------
ATOMGROUP_NAME	ATOMGROUP_NUM	ATOMGROUP_MASS	ATOMGROUP_POS
MET	20	122	(-10.571, 34.318, 8.221)
LYS	21	116	(-7.582, 32.421, 8.271)
THR	22	94	(-7.289, 28.936, 6.639)
GLU	23	122	(-3.707, 28.021, 7.592)
TRP	24	176	(-1.407, 27.996, 10.664)
PRO	25	90	(2.215, 27.801, 9.462)
GLU	26	122	(3.301, 29.073, 12.848)
LEU	27	102	(1.998, 25.893, 14.51)
VAL	28	90	(4.498, 23.34, 13.039)
GLY	29	54	(6.367, 21.8, 15.997)
LYS	30	116	(3.915, 22.958, 18.636)
SER	31	82	(1.892, 20.463, 20.803)
VAL	32	90	(-1.761, 19.623, 20.093)
GLU	33	122	(-2.781, 21.566, 23.331)
GLU	34	122	(-1.253, 24.66, 22.33)
ALA	35	66	(-2.23, 24.332, 18.499)
LYS	36	116	(-5.871, 23.937, 19.762)
LYS	37	116	(-5.806, 27.107, 21.718)
VAL	38	90	(-4.508, 29.119, 18.719)
ILE	39	102	(-6.952, 27.679, 16.2)
LEU	40	102	(-9.942, 28.194, 18.519)
GLN	41	120	(-8.83, 31.756, 19.092)
ASP	42	110	(-8.876, 32.333, 15.384)
LYS	43	116	(-11.673, 29.964, 14.395)
PRO	44	90	(-14.243, 29.68, 17.046)
GLU	45	122	(-16.419, 26.912, 15.426)
ALA	46	66	(-13.377, 24.761, 14.49)
GLN	47	120	(-13.789, 20.978, 14.769)
ILE	48	102	(-10.179, 19.883, 15.416)
ILE	49	102	(-9.258, 16.333, 14.203)
VAL	50	90	(-5.862, 14.832, 15.258)
LEU	51	102	(-4.34, 12.255, 12.906)
PRO	52	90	(-0.878, 10.687, 12.731)
VAL	53	90	(1.143, 11.901, 9.804)
GLY	54	54	(0.74, 9.536, 6.838)
THR	55	94	(-3, 8.834, 7.234)
ILE	56	102	(-4.884, 8.976, 3.923)
VAL	57	90	(-8.118, 10.95, 4.238)
THR	58	94	(-11.277, 10.639, 2.116)
MET	59	122	(-11.672, 13.695, -0.156)
GLU	60	122	(-14.568, 15.461, 1.638)
TYR	61	154	(-14.252, 19.246, 2.243)
ARG	62	144	(-15.508, 20.763, 5.558)
ILE	63	102	(-15.038, 24.448, 6.169)
ASP	64	110	(-15.393, 24.141, 9.904)
ARG	65	144	(-12.823, 21.325, 10.186)
VAL	66	90	(-9.142, 21.654, 11.031)
ARG	67	144	(-7.045, 18.524, 10.823)
LEU	68	102	(-3.83, 18.281, 12.75)
PHE	69	138	(-1.185, 15.746, 11.429)
VAL	70	90	(1.061, 14.859, 14.427)
ASP	71	110	(4.301, 13.103, 15.01)
LYS	72	116	(5.024, 10.385, 17.722)
LEU	73	102	(5.277, 13.038, 20.339)
ASP	74	110	(1.886, 14.505, 19.303)
ASN	75	108	(3.57, 17.724, 17.994)
VAL	76	90	(2.029, 19.277, 14.862)
ALA	77	66	(4.202, 17.997, 11.961)
GLU	78	122	(2.717, 19.818, 9.083)
VAL	79	90	(0.891, 23.054, 8.379)
PRO	80	90	(-2.682, 22.87, 9.654)
ARG	81	144	(-5.301, 23.962, 7.072)
VAL	82	90	(-9.121, 24.065, 7.037)
GLY	83	70	(-10.856, 21.237, 5.102)

INTERACTION PART
-------------------------------
TYPE	GROUP1	GROUP2	MAGNITUDE	DISTANCE
HAR	20	21	100	3.54051
REP	20	21	1	4
LJ	20	22	1.79176	6.49924
REP	20	23	1	4
REP	20	24	1	4
REP	20	25	1	4
REP	20	26	1	4
REP	20	27	1	4
REP	20	28	1	4
REP	20	29	1	4
REP	20	30	1	4
REP	20	31	1	4
REP	20	32	1	4
REP	20	33	1	4
REP	20	34	1	4
REP	20	35	1	4
REP	20	36	1	4
REP	20	37	1	4
REP	20	38	1	4
REP	20	39	1	4
REP	20	40	1	4
REP	20	41	1	4
REP	20	42	1	4
LJ	20	43	1.09861	7.63479
REP	20	44	1	4
LJ	20	45	0	11.8727
REP	20	46	1	4
REP	20	47	1	4
REP	20	48	1	4
REP	20	49	1	4
REP	20	50	1	4
REP	20	51	1	4
REP	20	52	1	4
REP	20	53	1	4
REP	20	54	1	4
REP	20	55	1	4
REP	20	56	1	4
REP	20	57	1	4
REP	20	58	1	4
REP	20	59	1	4
REP	20	60	1	4
REP	20	61	1	4
REP	20	62	1	4
LJ	20	63	1.09861	11.0264
REP	20	64	1	4
REP	20	65	1	4
REP	20	66	1	4
REP	20	67	1	4
REP	20	68	1	4
REP	20	69	1	4
REP	20	70	1	4
REP	20	71	1	4
REP	20	72	1	4
REP	20	73	1	4
REP	20	74	1	4
REP	20	75	1	4
REP	20	76	1	4
REP	20	77	1	4
REP	20	78	1	4
REP	20	79	1	4
REP	20	80	1	4
REP	20	81	1	4
REP	20	82	1	4
REP	20	83	1	4
REP	21	20	1	4
HAR	21	22	100	3.85934
REP	21	22	1	4
LJ	21	23	2.48491	5.90226
LJ	21	24	3.55535	7.96478
REP	21	25	1	4
LJ	21	26	1.79176	12.2718
REP	21	27	1	4
REP	21	28	1	4
REP	21	29	1	4
REP	21	30	1	4
REP	21	31	1	4
REP	21	32	1	4
REP	21	33	1	4
REP	21	34	1	4
REP	21	35	1	4
REP	21	36	1	4
REP	21	37	1	4
REP	21	38	1	4
REP	21	39	1	4
REP	21	40	1	4
REP	21	41	1	4
LJ	21	42	2.3979	7.23028
REP	21	43	1	4
REP	21	44	1	4
REP	21	45	1	4
REP	21	46	1	4
REP	21	47	1	4
REP	21	48	1	4
REP	21	49	1	4
REP	21	50	1	4
REP	21	51	1	4
REP	21	52	1	4
REP	21	53	1	4
REP	21	54	1	4
REP	21	55	1	4
REP	21	56	1	4
REP	21	57	1	4
REP	21	58	1	4
REP	21	59	1	4
REP	21	60	1	4
REP	21	61	1	4
REP	21	62	1	4
REP	21	63	1	4
REP	21	64	1	4
REP	21	65	1	4
REP	21	66	1	4
REP	21	67	1	4
REP	21	68	1	4
REP	21	69	1	4
REP	21	70	1	4
REP	21	71	1	4
REP	21	72	1	4
REP	21	73	1	4
REP	21	74	1	4
REP	21	75	1	4
REP	21	76	1	4
REP	21	77	1	4
REP	21	78	1	4
REP	21	79	1	4
REP	21	80	1	4
REP	21	81	1	4
LJ	21	82	0	8.58569
REP	21	83	1	4
REP	22	20	1	4
REP	22	21	1	4
HAR	22	23	100	3.81787
REP	22	23	1	4
LJ	22	24	2.63906	7.18903
REP	22	25	1	4
REP	22	26	1	4
REP	22	27	1	4
REP	22	28	1	4
REP	22	29	1	4
REP	22	30	1	4
REP	22	31	1	4
REP	22	32	1	4
REP	22	33	1	4
REP	22	34	1	4
REP	22	35	1	4
REP	22	36	1	4
REP	22	37	1	4
REP	22	38	1	4
REP	22	39	1	4
REP	22	40	1	4
REP	22	41	1	4
REP	22	42	1	4
REP	22	43	1	4
REP	22	44	1	4
REP	22	45	1	4
REP	22	46	1	4
REP	22	47	1	4
REP	22	48	1	4
REP	22	49	1	4
REP	22	50	1	4
REP	22	51	1	4
REP	22	52	1	4
REP	22	53	1	4
REP	22	54	1	4
REP	22	55	1	4
REP	22	56	1	4
REP	22	57	1	4
REP	22	58	1	4
REP	22	59	1	4
REP	22	60	1	4
REP	22	61	1	4
REP	22	62	1	4
REP	22	63	1	4
REP	22	64	1	4
REP	22	65	1	4
REP	22	66	1	4
REP	22	67	1	4
REP	22	68	1	4
REP	22	69	1	4
REP	22	70	1	4
REP	22	71	1	4
REP	22	72	1	4
REP	22	73	1	4
REP	22	74	1	4
REP	22	75	1	4
REP	22	76	1	4
REP	22	77	1	4
REP	22	78	1	4
REP	22	79	1	4
LJ	22	80	1.09861	8.19213
LJ	22	81	2.19722	5.37404
LJ	22	82	2.63906	5.21932
REP	22	83	1	4
REP	23	20	1	4
REP	23	21	1	4
REP	23	22	1	4
HAR	23	24	100	3.83768
REP	23	24	1	4
LJ	23	25	2.48491	6.21413
LJ	23	26	0	8.82294
REP	23	27	1	4
REP	23	28	1	4
REP	23	29	1	4
REP	23	30	1	4
REP	23	31	1	4
REP	23	32	1	4
REP	23	33	1	4
REP	23	34	1	4
REP	23	35	1	4
REP	23	36	1	4
REP	23	37	1	4
REP	23	38	1	4
REP	23	39	1	4
REP	23	40	1	4
REP	23	41	1	4
REP	23	42	1	4
REP	23	43	1	4
REP	23	44	1	4
REP	23	45	1	4
REP	23	46	1	4
REP	23	47	1	4
REP	23	48	1	4
REP	23	49	1	4
REP	23	50	1	4
REP	23	51	1	4
REP	23	52	1	4
REP	23	53	1	4
REP	23	54	1	4
REP	23	55	1	4
REP	23	56	1	4
REP	23	57	1	4
REP	23	58	1	4
REP	23	59	1	4
REP	23	60	1	4
REP	23	61	1	4
REP	23	62	1	4
REP	23	63	1	4
REP	23	64	1	4
REP	23	65	1	4
REP	23	66	1	4
REP	23	67	1	4
REP	23	68	1	4
REP	23	69	1	4
REP	23	70	1	4
REP	23	71	1	4
REP	23	72	1	4
REP	23	73	1	4
REP	23	74	1	4
REP	23	75	1	4
REP	23	76	1	4
REP	23	77	1	4
REP	23	78	1	4
LJ	23	79	1.94591	6.81411
LJ	23	80	2.19722	5.64228
LJ	23	81	3.04452	4.39166
REP	23	82	1	4
REP	23	83	1	4
REP	24	20	1	4
REP	24	21	1	4
REP	24	22	1	4
REP	24	23	1	4
HAR	24	25	100	3.82122
REP	24	25	1	4
LJ	24	26	3.3673	5.30048
LJ	24	27	3.17805	5.55053
LJ	24	28	0.693147	7.88594
REP	24	29	1	4
REP	24	30	1	4
REP	24	31	1	4
REP	24	32	1	4
REP	24	33	1	4
REP	24	34	1	4
REP	24	35	1	4
REP	24	36	1	4
REP	24	37	1	4
LJ	24	38	2.07944	8.70404
LJ	24	39	3.29584	7.84186
REP	24	40	1	4
REP	24	41	1	4
LJ	24	42	2.63906	9.84246
LJ	24	43	1.38629	11.0988
REP	24	44	1	4
REP	24	45	1	4
REP	24	46	1	4
REP	24	47	1	4
REP	24	48	1	4
REP	24	49	1	4
REP	24	50	1	4
REP	24	51	1	4
REP	24	52	1	4
REP	24	53	1	4
REP	24	54	1	4
REP	24	55	1	4
REP	24	56	1	4
REP	24	57	1	4
REP	24	58	1	4
REP	24	59	1	4
REP	24	60	1	4
REP	24	61	1	4
REP	24	62	1	4
REP	24	63	1	4
REP	24	64	1	4
REP	24	65	1	4
LJ	24	66	1.60944	10.0093
REP	24	67	1	4
REP	24	68	1	4
REP	24	69	1	4
REP	24	70	1	4
REP	24	71	1	4
REP	24	72	1	4
REP	24	73	1	4
REP	24	74	1	4
REP	24	75	1	4
REP	24	76	1	4
REP	24	77	1	4
REP	24	78	1	4
LJ	24	79	2.30259	5.90977
LJ	24	80	3.4012	5.37788
LJ	24	81	1.60944	6.65874
LJ	24	82	1.09861	9.38689
REP	24	83	1	4
REP	25	20	1	4
REP	25	21	1	4
REP	25	22	1	4
REP	25	23	1	4
REP	25	24	1	4
HAR	25	26	100	3.77656
REP	25	26	1	4
LJ	25	27	2.07944	5.40091
LJ	25	28	1.94591	6.15691
REP	25	29	1	4
REP	25	30	1	4
REP	25	31	1	4
REP	25	32	1	4
REP	25	33	1	4
REP	25	34	1	4
REP	25	35	1	4
REP	25	36	1	4
REP	25	37	1	4
REP	25	38	1	4
REP	25	39	1	4
REP	25	40	1	4
REP	25	41	1	4
REP	25	42	1	4
REP	25	43	1	4
REP	25	44	1	4
REP	25	45	1	4
REP	25	46	1	4
REP	25	47	1	4
REP	25	48	1	4
REP	25	49	1	4
REP	25	50	1	4
REP	25	51	1	4
REP	25	52	1	4
REP	25	53	1	4
REP	25	54	1	4
REP	25	55	1	4
REP	25	56	1	4
REP	25	57	1	4
REP	25	58	1	4
REP	25	59	1	4
REP	25	60	1	4
REP	25	61	1	4
REP	25	62	1	4
REP	25	63	1	4
REP	25	64	1	4
REP	25	65	1	4
REP	25	66	1	4
REP	25	67	1	4
REP	25	68	1	4
REP	25	69	1	4
REP	25	70	1	4
REP	25	71	1	4
REP	25	72	1	4
REP	25	73	1	4
REP	25	74	1	4
REP	25	75	1	4
REP	25	76	1	4
REP	25	77	1	4
REP	25	78	1	4
LJ	25	79	2.56495	5.04578
LJ	25	80	0	6.95214
REP	25	81	1	4
REP	25	82	1	4
REP	25	83	1	4
REP	26	20	1	4
REP	26	21	1	4
REP	26	22	1	4
REP	26	23	1	4
REP	26	24	1	4
REP	26	25	1	4
HAR	26	27	100	3.81739
REP	26	27	1	4
LJ	26	28	1.94591	5.85974
REP	26	29	1	4
LJ	26	30	1.60944	8.44223
REP	26	31	1	4
REP	26	32	1	4
REP	26	33	1	4
REP	26	34	1	4
REP	26	35	1	4
REP	26	36	1	4
REP	26	37	1	4
LJ	26	38	0	9.76991
REP	26	39	1	4
REP	26	40	1	4
REP	26	41	1	4
LJ	26	42	0	12.8584
REP	26	43	1	4
REP	26	44	1	4
REP	26	45	1	4
REP	26	46	1	4
REP	26	47	1	4
REP	26	48	1	4
REP	26	49	1	4
REP	26	50	1	4
REP	26	51	1	4
REP	26	52	1	4
REP	26	53	1	4
REP	26	54	1	4
REP	26	55	1	4
REP	26	56	1	4
REP	26	57	1	4
REP	26	58	1	4
REP	26	59	1	4
REP	26	60	1	4
REP	26	61	1	4
REP	26	62	1	4
REP	26	63	1	4
REP	26	64	1	4
REP	26	65	1	4
REP	26	66	1	4
REP	26	67	1	4
REP	26	68	1	4
REP	26	69	1	4
REP	26	70	1	4
REP	26	71	1	4
REP	26	72	1	4
REP	26	73	1	4
REP	26	74	1	4
REP	26	75	1	4
REP	26	76	1	4
REP	26	77	1	4
REP	26	78	1	4
REP	26	79	1	4
REP	26	80	1	4
REP	26	81	1	4
REP	26	82	1	4
REP	26	83	1	4
REP	27	20	1	4
REP	27	21	1	4
REP	27	22	1	4
REP	27	23	1	4
REP	27	24	1	4
REP	27	25	1	4
REP	27	26	1	4
HAR	27	28	100	3.86415
REP	27	28	1	4
LJ	27	29	1.79176	6.16863
LJ	27	30	2.77259	5.41415
REP	27	31	1	4
REP	27	32	1	4
REP	27	33	1	4
LJ	27	34	0	8.55814
LJ	27	35	2.56495	6.01871
REP	27	36	1	4
REP	27	37	1	4
LJ	27	38	1.94591	8.3935
LJ	27	39	1.09861	9.28162
REP	27	40	1	4
REP	27	41	1	4
REP	27	42	1	4
REP	27	43	1	4
REP	27	44	1	4
REP	27	45	1	4
REP	27	46	1	4
REP	27	47	1	4
REP	27	48	1	4
REP	27	49	1	4
REP	27	50	1	4
REP	27	51	1	4
REP	27	52	1	4
REP	27	53	1	4
REP	27	54	1	4
REP	27	55	1	4
REP	27	56	1	4
REP	27	57	1	4
REP	27	58	1	4
REP	27	59	1	4
REP	27	60	1	4
REP	27	61	1	4
REP	27	62	1	4
REP	27	63	1	4
REP	27	64	1	4
REP	27	65	1	4
REP	27	66	1	4
REP	27	67	1	4
REP	27	68	1	4
REP	27	69	1	4
REP	27	70	1	4
REP	27	71	1	4
REP	27	72	1	4
REP	27	73	1	4
REP	27	74	1	4
REP	27	75	1	4
LJ	27	76	2.48491	6.62543
REP	27	77	1	4
REP	27	78	1	4
REP	27	79	1	4
LJ	27	80	1.60944	7.39065
REP	27	81	1	4
REP	27	82	1	4
REP	27	83	1	4
REP	28	20	1	4
REP	28	21	1	4
REP	28	22	1	4
REP	28	23	1	4
REP	28	24	1	4
REP	28	25	1	4
REP	28	26	1	4
REP	28	27	1	4
HAR	28	29	100	3.82289
REP	28	29	1	4
LJ	28	30	2.19722	5.64023
REP	28	31	1	4
REP	28	32	1	4
REP	28	33	1	4
REP	28	34	1	4
REP	28	35	1	4
REP	28	36	1	4
REP	28	37	1	4
REP	28	38	1	4
REP	28	39	1	4
REP	28	40	1	4
REP	28	41	1	4
REP	28	42	1	4
REP	28	43	1	4
REP	28	44	1	4
REP	28	45	1	4
REP	28	46	1	4
REP	28	47	1	4
REP	28	48	1	4
REP	28	49	1	4
REP	28	50	1	4
REP	28	51	1	4
REP	28	52	1	4
REP	28	53	1	4
REP	28	54	1	4
REP	28	55	1	4
REP	28	56	1	4
REP	28	57	1	4
REP	28	58	1	4
REP	28	59	1	4
REP	28	60	1	4
REP	28	61	1	4
REP	28	62	1	4
REP	28	63	1	4
REP	28	64	1	4
REP	28	65	1	4
REP	28	66	1	4
REP	28	67	1	4
REP	28	68	1	4
REP	28	69	1	4
REP	28	70	1	4
REP	28	71	1	4
REP	28	72	1	4
REP	28	73	1	4
REP	28	74	1	4
REP	28	75	1	4
LJ	28	76	2.63906	5.09188
LJ	28	77	1.94591	5.45869
LJ	28	78	2.19722	5.58806
LJ	28	79	1.38629	5.89982
LJ	28	80	0	7.95183
REP	28	81	1	4
REP	28	82	1	4
REP	28	83	1	4
REP	29	20	1	4
REP	29	21	1	4
REP	29	22	1	4
REP	29	23	1	4
REP	29	24	1	4
REP	29	25	1	4
REP	29	26	1	4
REP	29	27	1	4
REP	29	28	1	4
HAR	29	30	100	3.78386
REP	29	30	1	4
LJ	29	31	0.693147	6.70155
REP	29	32	1	4
REP	29	33	1	4
REP	29	34	1	4
REP	29	35	1	4
REP	29	36	1	4
REP	29	37	1	4
REP	29	38	1	4
REP	29	39	1	4
REP	29	40	1	4
REP	29	41	1	4
REP	29	42	1	4
REP	29	43	1	4
REP	29	44	1	4
REP	29	45	1	4
REP	29	46	1	4
REP	29	47	1	4
REP	29	48	1	4
REP	29	49	1	4
REP	29	50	1	4
REP	29	51	1	4
REP	29	52	1	4
REP	29	53	1	4
REP	29	54	1	4
REP	29	55	1	4
REP	29	56	1	4
REP	29	57	1	4
REP	29	58	1	4
REP	29	59	1	4
REP	29	60	1	4
REP	29	61	1	4
REP	29	62	1	4
REP	29	63	1	4
REP	29	64	1	4
REP	29	65	1	4
REP	29	66	1	4
REP	29	67	1	4
REP	29	68	1	4
REP	29	69	1	4
REP	29	70	1	4
REP	29	71	1	4
REP	29	72	1	4
REP	29	73	1	4
REP	29	74	1	4
LJ	29	75	2.3979	5.33151
LJ	29	76	2.3979	5.14509
LJ	29	77	0	5.95309
REP	29	78	1	4
REP	29	79	1	4
REP	29	80	1	4
REP	29	81	1	4
REP	29	82	1	4
REP	29	83	1	4
REP	30	20	1	4
REP	30	21	1	4
REP	30	22	1	4
REP	30	23	1	4
REP	30	24	1	4
REP	30	25	1	4
REP	30	26	1	4
REP	30	27	1	4
REP	30	28	1	4
REP	30	29	1	4
HAR	30	31	100	3.87472
REP	30	31	1	4
LJ	30	32	1.09861	6.74256
REP	30	33	1	4
REP	30	34	1	4
LJ	30	35	0	6.29823
REP	30	36	1	4
REP	30	37	1	4
REP	30	38	1	4
REP	30	39	1	4
REP	30	40	1	4
REP	30	41	1	4
REP	30	42	1	4
REP	30	43	1	4
REP	30	44	1	4
REP	30	45	1	4
REP	30	46	1	4
REP	30	47	1	4
REP	30	48	1	4
REP	30	49	1	4
REP	30	50	1	4
REP	30	51	1	4
REP	30	52	1	4
REP	30	53	1	4
REP	30	54	1	4
REP	30	55	1	4
REP	30	56	1	4
REP	30	57	1	4
REP	30	58	1	4
REP	30	59	1	4
REP	30	60	1	4
REP	30	61	1	4
REP	30	62	1	4
REP	30	63	1	4
REP	30	64	1	4
REP	30	65	1	4
REP	30	66	1	4
REP	30	67	1	4
REP	30	68	1	4
REP	30	69	1	4
REP	30	70	1	4
REP	30	71	1	4
REP	30	72	1	4
REP	30	73	1	4
LJ	30	74	0	8.71865
LJ	30	75	2.63906	5.2845
LJ	30	76	2.77259	5.59909
REP	30	77	1	4
REP	30	78	1	4
REP	30	79	1	4
REP	30	80	1	4
REP	30	81	1	4
REP	30	82	1	4
REP	30	83	1	4
REP	31	20	1	4
REP	31	21	1	4
REP	31	22	1	4
REP	31	23	1	4
REP	31	24	1	4
REP	31	25	1	4
REP	31	26	1	4
REP	31	27	1	4
REP	31	28	1	4
REP	31	29	1	4
REP	31	30	1	4
HAR	31	32	100	3.81498
REP	31	32	1	4
LJ	31	33	2.70805	5.42626
LJ	31	34	2.70805	5.46238
LJ	31	35	2.07944	6.10479
LJ	31	36	0	8.56834
REP	31	37	1	4
REP	31	38	1	4
REP	31	39	1	4
REP	31	40	1	4
REP	31	41	1	4
REP	31	42	1	4
REP	31	43	1	4
REP	31	44	1	4
REP	31	45	1	4
REP	31	46	1	4
REP	31	47	1	4
REP	31	48	1	4
REP	31	49	1	4
REP	31	50	1	4
REP	31	51	1	4
REP	31	52	1	4
REP	31	53	1	4
REP	31	54	1	4
REP	31	55	1	4
REP	31	56	1	4
REP	31	57	1	4
REP	31	58	1	4
REP	31	59	1	4
REP	31	60	1	4
REP	31	61	1	4
REP	31	62	1	4
REP	31	63	1	4
REP	31	64	1	4
REP	31	65	1	4
REP	31	66	1	4
REP	31	67	1	4
REP	31	68	1	4
REP	31	69	1	4
REP	31	70	1	4
REP	31	71	1	4
REP	31	72	1	4
REP	31	73	1	4
LJ	31	74	1.60944	6.14392
LJ	31	75	2.48491	4.26712
LJ	31	76	1.60944	6.05977
REP	31	77	1	4
REP	31	78	1	4
REP	31	79	1	4
REP	31	80	1	4
REP	31	81	1	4
REP	31	82	1	4
REP	31	83	1	4
REP	32	20	1	4
REP	32	21	1	4
REP	32	22	1	4
REP	32	23	1	4
REP	32	24	1	4
REP	32	25	1	4
REP	32	26	1	4
REP	32	27	1	4
REP	32	28	1	4
REP	32	29	1	4
REP	32	30	1	4
REP	32	31	1	4
HAR	32	33	100	3.91156
REP	32	33	1	4
LJ	32	34	2.19722	5.53476
LJ	32	35	2.56495	4.99354
LJ	32	36	2.77259	5.9676
REP	32	37	1	4
REP	32	38	1	4
REP	32	39	1	4
REP	32	40	1	4
REP	32	41	1	4
REP	32	42	1	4
REP	32	43	1	4
REP	32	44	1	4
REP	32	45	1	4
REP	32	46	1	4
REP	32	47	1	4
REP	32	48	1	4
REP	32	49	1	4
LJ	32	50	1.60944	7.94664
REP	32	51	1	4
REP	32	52	1	4
REP	32	53	1	4
REP	32	54	1	4
REP	32	55	1	4
REP	32	56	1	4
REP	32	57	1	4
REP	32	58	1	4
REP	32	59	1	4
REP	32	60	1	4
REP	32	61	1	4
REP	32	62	1	4
REP	32	63	1	4
REP	32	64	1	4
REP	32	65	1	4
REP	32	66	1	4
REP	32	67	1	4
LJ	32	68	1.60944	7.74606
REP	32	69	1	4
LJ	32	70	0.693147	7.92231
REP	32	71	1	4
REP	32	72	1	4
REP	32	73	1	4
LJ	32	74	2.07944	6.33393
LJ	32	75	0	6.03586
LJ	32	76	1.09861	6.46894
REP	32	77	1	4
REP	32	78	1	4
REP	32	79	1	4
REP	32	80	1	4
REP	32	81	1	4
REP	32	82	1	4
REP	32	83	1	4
REP	33	20	1	4
REP	33	21	1	4
REP	33	22	1	4
REP	33	23	1	4
REP	33	24	1	4
REP	33	25	1	4
REP	33	26	1	4
REP	33	27	1	4
REP	33	28	1	4
REP	33	29	1	4
REP	33	30	1	4
REP	33	31	1	4
REP	33	32	1	4
HAR	33	34	100	3.593
REP	33	34	1	4
LJ	33	35	2.07944	5.59487
LJ	33	36	2.56495	5.28276
LJ	33	37	2.77259	6.51576
REP	33	38	1	4
REP	33	39	1	4
REP	33	40	1	4
REP	33	41	1	4
REP	33	42	1	4
REP	33	43	1	4
REP	33	44	1	4
REP	33	45	1	4
REP	33	46	1	4
REP	33	47	1	4
REP	33	48	1	4
REP	33	49	1	4
REP	33	50	1	4
REP	33	51	1	4
REP	33	52	1	4
REP	33	53	1	4
REP	33	54	1	4
REP	33	55	1	4
REP	33	56	1	4
REP	33	57	1	4
REP	33	58	1	4
REP	33	59	1	4
REP	33	60	1	4
REP	33	61	1	4
REP	33	62	1	4
REP	33	63	1	4
REP	33	64	1	4
REP	33	65	1	4
REP	33	66	1	4
REP	33	67	1	4
REP	33	68	1	4
REP	33	69	1	4
REP	33	70	1	4
REP	33	71	1	4
REP	33	72	1	4
REP	33	73	1	4
REP	33	74	1	4
REP	33	75	1	4
REP	33	76	1	4
REP	33	77	1	4
REP	33	78	1	4
REP	33	79	1	4
REP	33	80	1	4
REP	33	81	1	4
REP	33	82	1	4
REP	33	83	1	4
REP	34	20	1	4
REP	34	21	1	4
REP	34	22	1	4
REP	34	23	1	4
REP	34	24	1	4
REP	34	25	1	4
REP	34	26	1	4
REP	34	27	1	4
REP	34	28	1	4
REP	34	29	1	4
REP	34	30	1	4
REP	34	31	1	4
REP	34	32	1	4
REP	34	33	1	4
HAR	34	35	100	3.9672
REP	34	35	1	4
LJ	34	36	2.07944	5.33322
LJ	34	37	2.94444	5.20501
LJ	34	38	1.79176	6.59674
REP	34	39	1	4
REP	34	40	1	4
REP	34	41	1	4
REP	34	42	1	4
REP	34	43	1	4
REP	34	44	1	4
REP	34	45	1	4
REP	34	46	1	4
REP	34	47	1	4
REP	34	48	1	4
REP	34	49	1	4
REP	34	50	1	4
REP	34	51	1	4
REP	34	52	1	4
REP	34	53	1	4
REP	34	54	1	4
REP	34	55	1	4
REP	34	56	1	4
REP	34	57	1	4
REP	34	58	1	4
REP	34	59	1	4
REP	34	60	1	4
REP	34	61	1	4
REP	34	62	1	4
REP	34	63	1	4
REP	34	64	1	4
REP	34	65	1	4
REP	34	66	1	4
REP	34	67	1	4
REP	34	68	1	4
REP	34	69	1	4
REP	34	70	1	4
REP	34	71	1	4
REP	34	72	1	4
REP	34	73	1	4
REP	34	74	1	4
REP	34	75	1	4
REP	34	76	1	4
REP	34	77	1	4
REP	34	78	1	4
REP	34	79	1	4
REP	34	80	1	4
REP	34	81	1	4
REP	34	82	1	4
REP	34	83	1	4
REP	35	20	1	4
REP	35	21	1	4
REP	35	22	1	4
REP	35	23	1	4
REP	35	24	1	4
REP	35	25	1	4
REP	35	26	1	4
REP	35	27	1	4
REP	35	28	1	4
REP	35	29	1	4
REP	35	30	1	4
REP	35	31	1	4
REP	35	32	1	4
REP	35	33	1	4
REP	35	34	1	4
HAR	35	36	100	3.87403
REP	35	36	1	4
LJ	35	37	2.07944	5.55431
LJ	35	38	2.56495	5.30595
LJ	35	39	2.3979	6.22777
REP	35	40	1	4
REP	35	41	1	4
REP	35	42	1	4
REP	35	43	1	4
REP	35	44	1	4
REP	35	45	1	4
REP	35	46	1	4
REP	35	47	1	4
REP	35	48	1	4
REP	35	49	1	4
REP	35	50	1	4
REP	35	51	1	4
REP	35	52	1	4
REP	35	53	1	4
REP	35	54	1	4
REP	35	55	1	4
REP	35	56	1	4
REP	35	57	1	4
REP	35	58	1	4
REP	35	59	1	4
REP	35	60	1	4
REP	35	61	1	4
REP	35	62	1	4
REP	35	63	1	4
REP	35	64	1	4
REP	35	65	1	4
REP	35	66	1	4
REP	35	67	1	4
LJ	35	68	1.09861	8.49856
REP	35	69	1	4
REP	35	70	1	4
REP	35	71	1	4
REP	35	72	1	4
REP	35	73	1	4
REP	35	74	1	4
REP	35	75	1	4
LJ	35	76	0.693147	7.54453
REP	35	77	1	4
REP	35	78	1	4
REP	35	79	1	4
REP	35	80	1	4
REP	35	81	1	4
REP	35	82	1	4
REP	35	83	1	4
REP	36	20	1	4
REP	36	21	1	4
REP	36	22	1	4
REP	36	23	1	4
REP	36	24	1	4
REP	36	25	1	4
REP	36	26	1	4
REP	36	27	1	4
REP	36	28	1	4
REP	36	29	1	4
REP	36	30	1	4
REP	36	31	1	4
REP	36	32	1	4
REP	36	33	1	4
REP	36	34	1	4
REP	36	35	1	4
HAR	36	37	100	3.72546
REP	36	37	1	4
LJ	36	38	2.19722	5.45882
LJ	36	39	2.56495	5.27816
LJ	36	40	2.56495	6.01998
LJ	36	41	0	8.38697
REP	36	42	1	4
REP	36	43	1	4
REP	36	44	1	4
REP	36	45	1	4
REP	36	46	1	4
REP	36	47	1	4
LJ	36	48	2.3979	7.3404
REP	36	49	1	4
REP	36	50	1	4
REP	36	51	1	4
REP	36	52	1	4
REP	36	53	1	4
REP	36	54	1	4
REP	36	55	1	4
REP	36	56	1	4
REP	36	57	1	4
REP	36	58	1	4
REP	36	59	1	4
REP	36	60	1	4
REP	36	61	1	4
REP	36	62	1	4
REP	36	63	1	4
REP	36	64	1	4
REP	36	65	1	4
REP	36	66	1	4
REP	36	67	1	4
LJ	36	68	0	9.23711
REP	36	69	1	4
REP	36	70	1	4
REP	36	71	1	4
REP	36	72	1	4
REP	36	73	1	4
REP	36	74	1	4
REP	36	75	1	4
REP	36	76	1	4
REP	36	77	1	4
REP	36	78	1	4
REP	36	79	1	4
REP	36	80	1	4
REP	36	81	1	4
REP	36	82	1	4
REP	36	83	1	4
REP	37	20	1	4
REP	37	21	1	4
REP	37	22	1	4
REP	37	23	1	4
REP	37	24	1	4
REP	37	25	1	4
REP	37	26	1	4
REP	37	27	1	4
REP	37	28	1	4
REP	37	29	1	4
REP	37	30	1	4
REP	37	31	1	4
REP	37	32	1	4
REP	37	33	1	4
REP	37	34	1	4
REP	37	35	1	4
REP	37	36	1	4
HAR	37	38	100	3.83757
REP	37	38	1	4
LJ	37	39	2.07944	5.6647
LJ	37	40	2.3979	5.34057
LJ	37	41	2.3979	6.13626
REP	37	42	1	4
REP	37	43	1	4
REP	37	44	1	4
REP	37	45	1	4
REP	37	46	1	4
REP	37	47	1	4
REP	37	48	1	4
REP	37	49	1	4
REP	37	50	1	4
REP	37	51	1	4
REP	37	52	1	4
REP	37	53	1	4
REP	37	54	1	4
REP	37	55	1	4
REP	37	56	1	4
REP	37	57	1	4
REP	37	58	1	4
REP	37	59	1	4
REP	37	60	1	4
REP	37	61	1	4
REP	37	62	1	4
REP	37	63	1	4
REP	37	64	1	4
REP	37	65	1	4
REP	37	66	1	4
REP	37	67	1	4
REP	37	68	1	4
REP	37	69	1	4
REP	37	70	1	4
REP	37	71	1	4
REP	37	72	1	4
REP	37	73	1	4
REP	37	74	1	4
REP	37	75	1	4
REP	37	76	1	4
REP	37	77	1	4
REP	37	78	1	4
REP	37	79	1	4
REP	37	80	1	4
REP	37	81	1	4
REP	37	82	1	4
REP	37	83	1	4
REP	38	20	1	4
REP	38	21	1	4
REP	38	22	1	4
REP	38	23	1	4
REP	38	24	1	4
REP	38	25	1	4
REP	38	26	1	4
REP	38	27	1	4
REP	38	28	1	4
REP	38	29	1	4
REP	38	30	1	4
REP	38	31	1	4
REP	38	32	1	4
REP	38	33	1	4
REP	38	34	1	4
REP	38	35	1	4
REP	38	36	1	4
REP	38	37	1	4
HAR	38	39	100	3.79369
REP	38	39	1	4
LJ	38	40	2.19722	5.51579
LJ	38	41	2.70805	5.07667
LJ	38	42	2.63906	6.36643
LJ	38	43	0	8.4112
REP	38	44	1	4
REP	38	45	1	4
REP	38	46	1	4
REP	38	47	1	4
REP	38	48	1	4
REP	38	49	1	4
REP	38	50	1	4
REP	38	51	1	4
REP	38	52	1	4
REP	38	53	1	4
REP	38	54	1	4
REP	38	55	1	4
REP	38	56	1	4
REP	38	57	1	4
REP	38	58	1	4
REP	38	59	1	4
REP	38	60	1	4
REP	38	61	1	4
REP	38	62	1	4
REP	38	63	1	4
REP	38	64	1	4
REP	38	65	1	4
REP	38	66	1	4
REP	38	67	1	4
REP	38	68	1	4
REP	38	69	1	4
REP	38	70	1	4
REP	38	71	1	4
REP	38	72	1	4
REP	38	73	1	4
REP	38	74	1	4
REP	38	75	1	4
REP	38	76	1	4
REP	38	77	1	4
REP	38	78	1	4
REP	38	79	1	4
REP	38	80	1	4
REP	38	81	1	4
REP	38	82	1	4
REP	38	83	1	4
REP	39	20	1	4
REP	39	21	1	4
REP	39	22	1	4
REP	39	23	1	4
REP	39	24	1	4
REP	39	25	1	4
REP	39	26	1	4
REP	39	27	1	4
REP	39	28	1	4
REP	39	29	1	4
REP	39	30	1	4
REP	39	31	1	4
REP	39	32	1	4
REP	39	33	1	4
REP	39	34	1	4
REP	39	35	1	4
REP	39	36	1	4
REP	39	37	1	4
REP	39	38	1	4
HAR	39	40	100	3.81878
REP	39	40	1	4
LJ	39	41	2.19722	5.33971
LJ	39	42	2.63906	5.1017
LJ	39	43	2.63906	5.54681
LJ	39	44	0	7.60779
REP	39	45	1	4
LJ	39	46	0.693147	7.26082
REP	39	47	1	4
LJ	39	48	1.79176	8.47383
REP	39	49	1	4
REP	39	50	1	4
REP	39	51	1	4
REP	39	52	1	4
REP	39	53	1	4
REP	39	54	1	4
REP	39	55	1	4
REP	39	56	1	4
REP	39	57	1	4
REP	39	58	1	4
REP	39	59	1	4
REP	39	60	1	4
REP	39	61	1	4
REP	39	62	1	4
REP	39	63	1	4
REP	39	64	1	4
REP	39	65	1	4
LJ	39	66	1.94591	8.235
REP	39	67	1	4
LJ	39	68	1.09861	10.4867
REP	39	69	1	4
REP	39	70	1	4
REP	39	71	1	4
REP	39	72	1	4
REP	39	73	1	4
REP	39	74	1	4
REP	39	75	1	4
REP	39	76	1	4
REP	39	77	1	4
REP	39	78	1	4
REP	39	79	1	4
LJ	39	80	0.693147	9.17657
REP	39	81	1	4
REP	39	82	1	4
REP	39	83	1	4
REP	40	20	1	4
REP	40	21	1	4
REP	40	22	1	4
REP	40	23	1	4
REP	40	24	1	4
REP	40	25	1	4
REP	40	26	1	4
REP	40	27	1	4
REP	40	28	1	4
REP	40	29	1	4
REP	40	30	1	4
REP	40	31	1	4
REP	40	32	1	4
REP	40	33	1	4
REP	40	34	1	4
REP	40	35	1	4
REP	40	36	1	4
REP	40	37	1	4
REP	40	38	1	4
REP	40	39	1	4
HAR	40	41	100	3.77528
REP	40	41	1	4
LJ	40	42	2.07944	5.30056
LJ	40	43	2.94444	4.81006
LJ	40	44	2.56495	4.78294
REP	40	45	1	4
LJ	40	46	1.60944	6.31012
REP	40	47	1	4
LJ	40	48	1.38629	8.87454
REP	40	49	1	4
REP	40	50	1	4
REP	40	51	1	4
REP	40	52	1	4
REP	40	53	1	4
REP	40	54	1	4
REP	40	55	1	4
REP	40	56	1	4
REP	40	57	1	4
REP	40	58	1	4
REP	40	59	1	4
REP	40	60	1	4
REP	40	61	1	4
REP	40	62	1	4
REP	40	63	1	4
REP	40	64	1	4
REP	40	65	1	4
REP	40	66	1	4
REP	40	67	1	4
REP	40	68	1	4
REP	40	69	1	4
REP	40	70	1	4
REP	40	71	1	4
REP	40	72	1	4
REP	40	73	1	4
REP	40	74	1	4
REP	40	75	1	4
REP	40	76	1	4
REP	40	77	1	4
REP	40	78	1	4
REP	40	79	1	4
REP	40	80	1	4
REP	40	81	1	4
REP	40	82	1	4
REP	40	83	1	4
REP	41	20	1	4
REP	41	21	1	4
REP	41	22	1	4
REP	41	23	1	4
REP	41	24	1	4
REP	41	25	1	4
REP	41	26	1	4
REP	41	27	1	4
REP	41	28	1	4
REP	41	29	1	4
REP	41	30	1	4
REP	41	31	1	4
REP	41	32	1	4
REP	41	33	1	4
REP	41	34	1	4
REP	41	35	1	4
REP	41	36	1	4
REP	41	37	1	4
REP	41	38	1	4
REP	41	39	1	4
REP	41	40	1	4
HAR	41	42	100	3.75291
REP	41	42	1	4
LJ	41	43	1.79176	5.77544
LJ	41	44	1.09861	6.14788
REP	41	45	1	4
REP	41	46	1	4
REP	41	47	1	4
REP	41	48	1	4
REP	41	49	1	4
REP	41	50	1	4
REP	41	51	1	4
REP	41	52	1	4
REP	41	53	1	4
REP	41	54	1	4
REP	41	55	1	4
REP	41	56	1	4
REP	41	57	1	4
REP	41	58	1	4
REP	41	59	1	4
REP	41	60	1	4
REP	41	61	1	4
REP	41	62	1	4
REP	41	63	1	4
REP	41	64	1	4
REP	41	65	1	4
REP	41	66	1	4
REP	41	67	1	4
REP	41	68	1	4
REP	41	69	1	4
REP	41	70	1	4
REP	41	71	1	4
REP	41	72	1	4
REP	41	73	1	4
REP	41	74	1	4
REP	41	75	1	4
REP	41	76	1	4
REP	41	77	1	4
REP	41	78	1	4
REP	41	79	1	4
REP	41	80	1	4
REP	41	81	1	4
REP	41	82	1	4
REP	41	83	1	4
REP	42	20	1	4
REP	42	21	1	4
REP	42	22	1	4
REP	42	23	1	4
REP	42	24	1	4
REP	42	25	1	4
REP	42	26	1	4
REP	42	27	1	4
REP	42	28	1	4
REP	42	29	1	4
REP	42	30	1	4
REP	42	31	1	4
REP	42	32	1	4
REP	42	33	1	4
REP	42	34	1	4
REP	42	35	1	4
REP	42	36	1	4
REP	42	37	1	4
REP	42	38	1	4
REP	42	39	1	4
REP	42	40	1	4
REP	42	41	1	4
HAR	42	43	100	3.79651
REP	42	43	1	4
LJ	42	44	1.94591	6.21332
REP	42	45	1	4
REP	42	46	1	4
REP	42	47	1	4
REP	42	48	1	4
REP	42	49	1	4
REP	42	50	1	4
REP	42	51	1	4
REP	42	52	1	4
REP	42	53	1	4
REP	42	54	1	4
REP	42	55	1	4
REP	42	56	1	4
REP	42	57	1	4
REP	42	58	1	4
REP	42	59	1	4
REP	42	60	1	4
REP	42	61	1	4
REP	42	62	1	4
REP	42	63	1	4
REP	42	64	1	4
REP	42	65	1	4
REP	42	66	1	4
REP	42	67	1	4
REP	42	68	1	4
REP	42	69	1	4
REP	42	70	1	4
REP	42	71	1	4
REP	42	72	1	4
REP	42	73	1	4
REP	42	74	1	4
REP	42	75	1	4
REP	42	76	1	4
REP	42	77	1	4
REP	42	78	1	4
REP	42	79	1	4
REP	42	80	1	4
REP	42	81	1	4
REP	42	82	1	4
REP	42	83	1	4
REP	43	20	1	4
REP	43	21	1	4
REP	43	22	1	4
REP	43	23	1	4
REP	43	24	1	4
REP	43	25	1	4
REP	43	26	1	4
REP	43	27	1	4
REP	43	28	1	4
REP	43	29	1	4
REP	43	30	1	4
REP	43	31	1	4
REP	43	32	1	4
REP	43	33	1	4
REP	43	34	1	4
REP	43	35	1	4
REP	43	36	1	4
REP	43	37	1	4
REP	43	38	1	4
REP	43	39	1	4
REP	43	40	1	4
REP	43	41	1	4
REP	43	42	1	4
HAR	43	44	100	3.70316
REP	43	44	1	4
LJ	43	45	3.52636	5.73604
LJ	43	46	2.99573	5.47575
REP	43	47	1	4
REP	43	48	1	4
REP	43	49	1	4
REP	43	50	1	4
REP	43	51	1	4
REP	43	52	1	4
REP	43	53	1	4
REP	43	54	1	4
REP	43	55	1	4
REP	43	56	1	4
REP	43	57	1	4
REP	43	58	1	4
REP	43	59	1	4
REP	43	60	1	4
REP	43	61	1	4
REP	43	62	1	4
LJ	43	63	1.94591	10.4602
LJ	43	64	2.30259	8.24104
LJ	43	65	0	9.67835
LJ	43	66	0.693147	9.3155
REP	43	67	1	4
REP	43	68	1	4
REP	43	69	1	4
REP	43	70	1	4
REP	43	71	1	4
REP	43	72	1	4
REP	43	73	1	4
REP	43	74	1	4
REP	43	75	1	4
REP	43	76	1	4
REP	43	77	1	4
REP	43	78	1	4
REP	43	79	1	4
REP	43	80	1	4
REP	43	81	1	4
LJ	43	82	1.79176	9.76991
REP	43	83	1	4
REP	44	20	1	4
REP	44	21	1	4
REP	44	22	1	4
REP	44	23	1	4
REP	44	24	1	4
REP	44	25	1	4
REP	44	26	1	4
REP	44	27	1	4
REP	44	28	1	4
REP	44	29	1	4
REP	44	30	1	4
REP	44	31	1	4
REP	44	32	1	4
REP	44	33	1	4
REP	44	34	1	4
REP	44	35	1	4
REP	44	36	1	4
REP	44	37	1	4
REP	44	38	1	4
REP	44	39	1	4
REP	44	40	1	4
REP	44	41	1	4
REP	44	42	1	4
REP	44	43	1	4
HAR	44	45	100	3.87572
REP	44	45	1	4
LJ	44	46	1.94591	5.61067
REP	44	47	1	4
REP	44	48	1	4
REP	44	49	1	4
REP	44	50	1	4
REP	44	51	1	4
REP	44	52	1	4
REP	44	53	1	4
REP	44	54	1	4
REP	44	55	1	4
REP	44	56	1	4
REP	44	57	1	4
REP	44	58	1	4
REP	44	59	1	4
REP	44	60	1	4
REP	44	61	1	4
REP	44	62	1	4
REP	44	63	1	4
REP	44	64	1	4
REP	44	65	1	4
REP	44	66	1	4
REP	44	67	1	4
REP	44	68	1	4
REP	44	69	1	4
REP	44	70	1	4
REP	44	71	1	4
REP	44	72	1	4
REP	44	73	1	4
REP	44	74	1	4
REP	44	75	1	4
REP	44	76	1	4
REP	44	77	1	4
REP	44	78	1	4
REP	44	79	1	4
REP	44	80	1	4
REP	44	81	1	4
REP	44	82	1	4
REP	44	83	1	4
REP	45	20	1	4
REP	45	21	1	4
REP	45	22	1	4
REP	45	23	1	4
REP	45	24	1	4
REP	45	25	1	4
REP	45	26	1	4
REP	45	27	1	4
REP	45	28	1	4
REP	45	29	1	4
REP	45	30	1	4
REP	45	31	1	4
REP	45	32	1	4
REP	45	33	1	4
REP	45	34	1	4
REP	45	35	1	4
REP	45	36	1	4
REP	45	37	1	4
REP	45	38	1	4
REP	45	39	1	4
REP	45	40	1	4
REP	45	41	1	4
REP	45	42	1	4
REP	45	43	1	4
REP	45	44	1	4
HAR	45	46	100	3.84144
REP	45	46	1	4
LJ	45	47	2.07944	6.52387
REP	45	48	1	4
REP	45	49	1	4
REP	45	50	1	4
REP	45	51	1	4
REP	45	52	1	4
REP	45	53	1	4
REP	45	54	1	4
REP	45	55	1	4
REP	45	56	1	4
REP	45	57	1	4
REP	45	58	1	4
REP	45	59	1	4
REP	45	60	1	4
REP	45	61	1	4
REP	45	62	1	4
LJ	45	63	0	9.67835
LJ	45	64	2.3979	6.26287
REP	45	65	1	4
REP	45	66	1	4
REP	45	67	1	4
REP	45	68	1	4
REP	45	69	1	4
REP	45	70	1	4
REP	45	71	1	4
REP	45	72	1	4
REP	45	73	1	4
REP	45	74	1	4
REP	45	75	1	4
REP	45	76	1	4
REP	45	77	1	4
REP	45	78	1	4
REP	45	79	1	4
REP	45	80	1	4
REP	45	81	1	4
REP	45	82	1	4
REP	45	83	1	4
REP	46	20	1	4
REP	46	21	1	4
REP	46	22	1	4
REP	46	23	1	4
REP	46	24	1	4
REP	46	25	1	4
REP	46	26	1	4
REP	46	27	1	4
REP	46	28	1	4
REP	46	29	1	4
REP	46	30	1	4
REP	46	31	1	4
REP	46	32	1	4
REP	46	33	1	4
REP	46	34	1	4
REP	46	35	1	4
REP	46	36	1	4
REP	46	37	1	4
REP	46	38	1	4
REP	46	39	1	4
REP	46	40	1	4
REP	46	41	1	4
REP	46	42	1	4
REP	46	43	1	4
REP	46	44	1	4
REP	46	45	1	4
HAR	46	47	100	3.81558
REP	46	47	1	4
LJ	46	48	2.19722	5.90589
REP	46	49	1	4
REP	46	50	1	4
REP	46	51	1	4
REP	46	52	1	4
REP	46	53	1	4
REP	46	54	1	4
REP	46	55	1	4
REP	46	56	1	4
REP	46	57	1	4
REP	46	58	1	4
REP	46	59	1	4
REP	46	60	1	4
REP	46	61	1	4
REP	46	62	1	4
REP	46	63	1	4
LJ	46	64	1.94591	5.04778
REP	46	65	1	4
LJ	46	66	0.693147	6.28915
REP	46	67	1	4
REP	46	68	1	4
REP	46	69	1	4
REP	46	70	1	4
REP	46	71	1	4
REP	46	72	1	4
REP	46	73	1	4
REP	46	74	1	4
REP	46	75	1	4
REP	46	76	1	4
REP	46	77	1	4
REP	46	78	1	4
REP	46	79	1	4
REP	46	80	1	4
REP	46	81	1	4
REP	46	82	1	4
REP	46	83	1	4
REP	47	20	1	4
REP	47	21	1	4
REP	47	22	1	4
REP	47	23	1	4
REP	47	24	1	4
REP	47	25	1	4
REP	47	26	1	4
REP	47	27	1	4
REP	47	28	1	4
REP	47	29	1	4
REP	47	30	1	4
REP	47	31	1	4
REP	47	32	1	4
REP	47	33	1	4
REP	47	34	1	4
REP	47	35	1	4
REP	47	36	1	4
REP	47	37	1	4
REP	47	38	1	4
REP	47	39	1	4
REP	47	40	1	4
REP	47	41	1	4
REP	47	42	1	4
REP	47	43	1	4
REP	47	44	1	4
REP	47	45	1	4
REP	47	46	1	4
HAR	47	48	100	3.8275
REP	47	48	1	4
LJ	47	49	2.07944	6.51355
REP	47	50	1	4
REP	47	51	1	4
REP	47	52	1	4
REP	47	53	1	4
REP	47	54	1	4
REP	47	55	1	4
REP	47	56	1	4
REP	47	57	1	4
REP	47	58	1	4
REP	47	59	1	4
REP	47	60	1	4
REP	47	61	1	4
REP	47	62	1	4
REP	47	63	1	4
LJ	47	64	2.83321	6.02043
LJ	47	65	2.83321	4.69654
LJ	47	66	2.3979	6.00202
REP	47	67	1	4
REP	47	68	1	4
REP	47	69	1	4
REP	47	70	1	4
REP	47	71	1	4
REP	47	72	1	4
REP	47	73	1	4
REP	47	74	1	4
REP	47	75	1	4
REP	47	76	1	4
REP	47	77	1	4
REP	47	78	1	4
REP	47	79	1	4
REP	47	80	1	4
REP	47	81	1	4
REP	47	82	1	4
REP	47	83	1	4
REP	48	20	1	4
REP	48	21	1	4
REP	48	22	1	4
REP	48	23	1	4
REP	48	24	1	4
REP	48	25	1	4
REP	48	26	1	4
REP	48	27	1	4
REP	48	28	1	4
REP	48	29	1	4
REP	48	30	1	4
REP	48	31	1	4
REP	48	32	1	4
REP	48	33	1	4
REP	48	34	1	4
REP	48	35	1	4
REP	48	36	1	4
REP	48	37	1	4
REP	48	38	1	4
REP	48	39	1	4
REP	48	40	1	4
REP	48	41	1	4
REP	48	42	1	4
REP	48	43	1	4
REP	48	44	1	4
REP	48	45	1	4
REP	48	46	1	4
REP	48	47	1	4
HAR	48	49	100	3.86291
REP	48	49	1	4
LJ	48	50	1.38629	6.64636
REP	48	51	1	4
REP	48	52	1	4
REP	48	53	1	4
REP	48	54	1	4
REP	48	55	1	4
REP	48	56	1	4
REP	48	57	1	4
REP	48	58	1	4
REP	48	59	1	4
REP	48	60	1	4
REP	48	61	1	4
REP	48	62	1	4
REP	48	63	1	4
REP	48	64	1	4
REP	48	65	1	4
LJ	48	66	2.70805	4.84149
REP	48	67	1	4
LJ	48	68	1.38629	7.06992
REP	48	69	1	4
REP	48	70	1	4
REP	48	71	1	4
REP	48	72	1	4
REP	48	73	1	4
REP	48	74	1	4
REP	48	75	1	4
REP	48	76	1	4
REP	48	77	1	4
REP	48	78	1	4
REP	48	79	1	4
REP	48	80	1	4
REP	48	81	1	4
REP	48	82	1	4
REP	48	83	1	4
REP	49	20	1	4
REP	49	21	1	4
REP	49	22	1	4
REP	49	23	1	4
REP	49	24	1	4
REP	49	25	1	4
REP	49	26	1	4
REP	49	27	1	4
REP	49	28	1	4
REP	49	29	1	4
REP	49	30	1	4
REP	49	31	1	4
REP	49	32	1	4
REP	49	33	1	4
REP	49	34	1	4
REP	49	35	1	4
REP	49	36	1	4
REP	49	37	1	4
REP	49	38	1	4
REP	49	39	1	4
REP	49	40	1	4
REP	49	41	1	4
REP	49	42	1	4
REP	49	43	1	4
REP	49	44	1	4
REP	49	45	1	4
REP	49	46	1	4
REP	49	47	1	4
REP	49	48	1	4
HAR	49	50	100	3.8599
REP	49	50	1	4
LJ	49	51	1.94591	6.51913
REP	49	52	1	4
REP	49	53	1	4
REP	49	54	1	4
REP	49	55	1	4
REP	49	56	1	4
REP	49	57	1	4
REP	49	58	1	4
REP	49	59	1	4
REP	49	60	1	4
REP	49	61	1	4
REP	49	62	1	4
REP	49	63	1	4
REP	49	64	1	4
LJ	49	65	1.79176	7.3325
LJ	49	66	2.30259	6.19581
LJ	49	67	2.94444	4.59589
LJ	49	68	2.48491	5.94719
REP	49	69	1	4
REP	49	70	1	4
REP	49	71	1	4
REP	49	72	1	4
REP	49	73	1	4
REP	49	74	1	4
REP	49	75	1	4
REP	49	76	1	4
REP	49	77	1	4
REP	49	78	1	4
REP	49	79	1	4
REP	49	80	1	4
REP	49	81	1	4
REP	49	82	1	4
REP	49	83	1	4
REP	50	20	1	4
REP	50	21	1	4
REP	50	22	1	4
REP	50	23	1	4
REP	50	24	1	4
REP	50	25	1	4
REP	50	26	1	4
REP	50	27	1	4
REP	50	28	1	4
REP	50	29	1	4
REP	50	30	1	4
REP	50	31	1	4
REP	50	32	1	4
REP	50	33	1	4
REP	50	34	1	4
REP	50	35	1	4
REP	50	36	1	4
REP	50	37	1	4
REP	50	38	1	4
REP	50	39	1	4
REP	50	40	1	4
REP	50	41	1	4
REP	50	42	1	4
REP	50	43	1	4
REP	50	44	1	4
REP	50	45	1	4
REP	50	46	1	4
REP	50	47	1	4
REP	50	48	1	4
REP	50	49	1	4
HAR	50	51	100	3.80648
REP	50	51	1	4
LJ	50	52	1.38629	6.95751
REP	50	53	1	4
REP	50	54	1	4
REP	50	55	1	4
REP	50	56	1	4
REP	50	57	1	4
REP	50	58	1	4
REP	50	59	1	4
REP	50	60	1	4
REP	50	61	1	4
REP	50	62	1	4
REP	50	63	1	4
REP	50	64	1	4
REP	50	65	1	4
REP	50	66	1	4
REP	50	67	1	4
LJ	50	68	2.89037	4.72384
REP	50	69	1	4
LJ	50	70	1.09861	6.97275
REP	50	71	1	4
REP	50	72	1	4
REP	50	73	1	4
REP	50	74	1	4
REP	50	75	1	4
REP	50	76	1	4
REP	50	77	1	4
REP	50	78	1	4
REP	50	79	1	4
REP	50	80	1	4
REP	50	81	1	4
REP	50	82	1	4
REP	50	83	1	4
REP	51	20	1	4
REP	51	21	1	4
REP	51	22	1	4
REP	51	23	1	4
REP	51	24	1	4
REP	51	25	1	4
REP	51	26	1	4
REP	51	27	1	4
REP	51	28	1	4
REP	51	29	1	4
REP	51	30	1	4
REP	51	31	1	4
REP	51	32	1	4
REP	51	33	1	4
REP	51	34	1	4
REP	51	35	1	4
REP	51	36	1	4
REP	51	37	1	4
REP	51	38	1	4
REP	51	39	1	4
REP	51	40	1	4
REP	51	41	1	4
REP	51	42	1	4
REP	51	43	1	4
REP	51	44	1	4
REP	51	45	1	4
REP	51	46	1	4
REP	51	47	1	4
REP	51	48	1	4
REP	51	49	1	4
REP	51	50	1	4
HAR	51	52	100	3.80456
REP	51	52	1	4
LJ	51	53	1.38629	6.3096
REP	51	54	1	4
LJ	51	55	2.3979	6.75799
REP	51	56	1	4
LJ	51	57	0	9.54518
REP	51	58	1	4
REP	51	59	1	4
REP	51	60	1	4
REP	51	61	1	4
REP	51	62	1	4
REP	51	63	1	4
REP	51	64	1	4
REP	51	65	1	4
REP	51	66	1	4
LJ	51	67	0.693147	7.13837
LJ	51	68	2.48491	6.04955
LJ	51	69	3.2581	4.9318
LJ	51	70	2.3979	6.18588
REP	51	71	1	4
REP	51	72	1	4
REP	51	73	1	4
REP	51	74	1	4
REP	51	75	1	4
REP	51	76	1	4
REP	51	77	1	4
REP	51	78	1	4
REP	51	79	1	4
REP	51	80	1	4
REP	51	81	1	4
REP	51	82	1	4
REP	51	83	1	4
REP	52	20	1	4
REP	52	21	1	4
REP	52	22	1	4
REP	52	23	1	4
REP	52	24	1	4
REP	52	25	1	4
REP	52	26	1	4
REP	52	27	1	4
REP	52	28	1	4
REP	52	29	1	4
REP	52	30	1	4
REP	52	31	1	4
REP	52	32	1	4
REP	52	33	1	4
REP	52	34	1	4
REP	52	35	1	4
REP	52	36	1	4
REP	52	37	1	4
REP	52	38	1	4
REP	52	39	1	4
REP	52	40	1	4
REP	52	41	1	4
REP	52	42	1	4
REP	52	43	1	4
REP	52	44	1	4
REP	52	45	1	4
REP	52	46	1	4
REP	52	47	1	4
REP	52	48	1	4
REP	52	49	1	4
REP	52	50	1	4
REP	52	51	1	4
HAR	52	53	100	3.7584
REP	52	53	1	4
LJ	52	54	1.60944	6.21853
LJ	52	55	2.63906	6.17685
REP	52	56	1	4
REP	52	57	1	4
REP	52	58	1	4
REP	52	59	1	4
REP	52	60	1	4
REP	52	61	1	4
REP	52	62	1	4
REP	52	63	1	4
REP	52	64	1	4
REP	52	65	1	4
REP	52	66	1	4
REP	52	67	1	4
REP	52	68	1	4
LJ	52	69	2.19722	5.23287
LJ	52	70	2.56495	4.90324
REP	52	71	1	4
REP	52	72	1	4
REP	52	73	1	4
REP	52	74	1	4
REP	52	75	1	4
REP	52	76	1	4
REP	52	77	1	4
REP	52	78	1	4
REP	52	79	1	4
REP	52	80	1	4
REP	52	81	1	4
REP	52	82	1	4
REP	52	83	1	4
REP	53	20	1	4
REP	53	21	1	4
REP	53	22	1	4
REP	53	23	1	4
REP	53	24	1	4
REP	53	25	1	4
REP	53	26	1	4
REP	53	27	1	4
REP	53	28	1	4
REP	53	29	1	4
REP	53	30	1	4
REP	53	31	1	4
REP	53	32	1	4
REP	53	33	1	4
REP	53	34	1	4
REP	53	35	1	4
REP	53	36	1	4
REP	53	37	1	4
REP	53	38	1	4
REP	53	39	1	4
REP	53	40	1	4
REP	53	41	1	4
REP	53	42	1	4
REP	53	43	1	4
REP	53	44	1	4
REP	53	45	1	4
REP	53	46	1	4
REP	53	47	1	4
REP	53	48	1	4
REP	53	49	1	4
REP	53	50	1	4
REP	53	51	1	4
REP	53	52	1	4
HAR	53	54	100	3.81481
REP	53	54	1	4
LJ	53	55	2.07944	5.75985
REP	53	56	1	4
REP	53	57	1	4
REP	53	58	1	4
REP	53	59	1	4
REP	53	60	1	4
REP	53	61	1	4
REP	53	62	1	4
REP	53	63	1	4
REP	53	64	1	4
REP	53	65	1	4
REP	53	66	1	4
REP	53	67	1	4
REP	53	68	1	4
LJ	53	69	2.77259	4.77956
LJ	53	70	2.63906	5.48895
LJ	53	71	0.693147	6.20646
REP	53	72	1	4
REP	53	73	1	4
REP	53	74	1	4
REP	53	75	1	4
REP	53	76	1	4
LJ	53	77	1.09861	7.15341
LJ	53	78	1.60944	8.10409
REP	53	79	1	4
REP	53	80	1	4
REP	53	81	1	4
REP	53	82	1	4
REP	53	83	1	4
REP	54	20	1	4
REP	54	21	1	4
REP	54	22	1	4
REP	54	23	1	4
REP	54	24	1	4
REP	54	25	1	4
REP	54	26	1	4
REP	54	27	1	4
REP	54	28	1	4
REP	54	29	1	4
REP	54	30	1	4
REP	54	31	1	4
REP	54	32	1	4
REP	54	33	1	4
REP	54	34	1	4
REP	54	35	1	4
REP	54	36	1	4
REP	54	37	1	4
REP	54	38	1	4
REP	54	39	1	4
REP	54	40	1	4
REP	54	41	1	4
REP	54	42	1	4
REP	54	43	1	4
REP	54	44	1	4
REP	54	45	1	4
REP	54	46	1	4
REP	54	47	1	4
REP	54	48	1	4
REP	54	49	1	4
REP	54	50	1	4
REP	54	51	1	4
REP	54	52	1	4
REP	54	53	1	4
HAR	54	55	100	3.82586
REP	54	55	1	4
LJ	54	56	1.60944	6.35926
REP	54	57	1	4
REP	54	58	1	4
REP	54	59	1	4
REP	54	60	1	4
REP	54	61	1	4
REP	54	62	1	4
REP	54	63	1	4
REP	54	64	1	4
REP	54	65	1	4
REP	54	66	1	4
REP	54	67	1	4
REP	54	68	1	4
LJ	54	69	0	7.95908
REP	54	70	1	4
REP	54	71	1	4
REP	54	72	1	4
REP	54	73	1	4
REP	54	74	1	4
REP	54	75	1	4
REP	54	76	1	4
REP	54	77	1	4
REP	54	78	1	4
REP	54	79	1	4
REP	54	80	1	4
REP	54	81	1	4
REP	54	82	1	4
REP	54	83	1	4
REP	55	20	1	4
REP	55	21	1	4
REP	55	22	1	4
REP	55	23	1	4
REP	55	24	1	4
REP	55	25	1	4
REP	55	26	1	4
REP	55	27	1	4
REP	55	28	1	4
REP	55	29	1	4
REP	55	30	1	4
REP	55	31	1	4
REP	55	32	1	4
REP	55	33	1	4
REP	55	34	1	4
REP	55	35	1	4
REP	55	36	1	4
REP	55	37	1	4
REP	55	38	1	4
REP	55	39	1	4
REP	55	40	1	4
REP	55	41	1	4
REP	55	42	1	4
REP	55	43	1	4
REP	55	44	1	4
REP	55	45	1	4
REP	55	46	1	4
REP	55	47	1	4
REP	55	48	1	4
REP	55	49	1	4
REP	55	50	1	4
REP	55	51	1	4
REP	55	52	1	4
REP	55	53	1	4
REP	55	54	1	4
HAR	55	56	100	3.81213
REP	55	56	1	4
LJ	55	57	2.07944	6.29662
REP	55	58	1	4
REP	55	59	1	4
REP	55	60	1	4
REP	55	61	1	4
REP	55	62	1	4
REP	55	63	1	4
REP	55	64	1	4
REP	55	65	1	4
REP	55	66	1	4
REP	55	67	1	4
REP	55	68	1	4
LJ	55	69	2.19722	8.28662
REP	55	70	1	4
REP	55	71	1	4
REP	55	72	1	4
REP	55	73	1	4
REP	55	74	1	4
REP	55	75	1	4
REP	55	76	1	4
REP	55	77	1	4
REP	55	78	1	4
REP	55	79	1	4
REP	55	80	1	4
REP	55	81	1	4
REP	55	82	1	4
REP	55	83	1	4
REP	56	20	1	4
REP	56	21	1	4
REP	56	22	1	4
REP	56	23	1	4
REP	56	24	1	4
REP	56	25	1	4
REP	56	26	1	4
REP	56	27	1	4
REP	56	28	1	4
REP	56	29	1	4
REP	56	30	1	4
REP	56	31	1	4
REP	56	32	1	4
REP	56	33	1	4
REP	56	34	1	4
REP	56	35	1	4
REP	56	36	1	4
REP	56	37	1	4
REP	56	38	1	4
REP	56	39	1	4
REP	56	40	1	4
REP	56	41	1	4
REP	56	42	1	4
REP	56	43	1	4
REP	56	44	1	4
REP	56	45	1	4
REP	56	46	1	4
REP	56	47	1	4
REP	56	48	1	4
REP	56	49	1	4
REP	56	50	1	4
REP	56	51	1	4
REP	56	52	1	4
REP	56	53	1	4
REP	56	54	1	4
REP	56	55	1	4
HAR	56	57	100	3.80193
REP	56	57	1	4
LJ	56	58	0.693147	6.84845
REP	56	59	1	4
REP	56	60	1	4
REP	56	61	1	4
REP	56	62	1	4
REP	56	63	1	4
REP	56	64	1	4
REP	56	65	1	4
REP	56	66	1	4
REP	56	67	1	4
REP	56	68	1	4
REP	56	69	1	4
REP	56	70	1	4
REP	56	71	1	4
REP	56	72	1	4
REP	56	73	1	4
REP	56	74	1	4
REP	56	75	1	4
REP	56	76	1	4
REP	56	77	1	4
REP	56	78	1	4
REP	56	79	1	4
REP	56	80	1	4
REP	56	81	1	4
REP	56	82	1	4
REP	56	83	1	4
REP	57	20	1	4
REP	57	21	1	4
REP	57	22	1	4
REP	57	23	1	4
REP	57	24	1	4
REP	57	25	1	4
REP	57	26	1	4
REP	57	27	1	4
REP	57	28	1	4
REP	57	29	1	4
REP	57	30	1	4
REP	57	31	1	4
REP	57	32	1	4
REP	57	33	1	4
REP	57	34	1	4
REP	57	35	1	4
REP	57	36	1	4
REP	57	37	1	4
REP	57	38	1	4
REP	57	39	1	4
REP	57	40	1	4
REP	57	41	1	4
REP	57	42	1	4
REP	57	43	1	4
REP	57	44	1	4
REP	57	45	1	4
REP	57	46	1	4
REP	57	47	1	4
REP	57	48	1	4
REP	57	49	1	4
REP	57	50	1	4
REP	57	51	1	4
REP	57	52	1	4
REP	57	53	1	4
REP	57	54	1	4
REP	57	55	1	4
REP	57	56	1	4
HAR	57	58	100	3.81823
REP	57	58	1	4
LJ	57	59	1.09861	6.28277
REP	57	60	1	4
REP	57	61	1	4
REP	57	62	1	4
REP	57	63	1	4
REP	57	64	1	4
REP	57	65	1	4
REP	57	66	1	4
LJ	57	67	2.3979	10.0935
REP	57	68	1	4
LJ	57	69	1.09861	11.0805
REP	57	70	1	4
REP	57	71	1	4
REP	57	72	1	4
REP	57	73	1	4
REP	57	74	1	4
REP	57	75	1	4
REP	57	76	1	4
REP	57	77	1	4
REP	57	78	1	4
REP	57	79	1	4
REP	57	80	1	4
REP	57	81	1	4
REP	57	82	1	4
REP	57	83	1	4
REP	58	20	1	4
REP	58	21	1	4
REP	58	22	1	4
REP	58	23	1	4
REP	58	24	1	4
REP	58	25	1	4
REP	58	26	1	4
REP	58	27	1	4
REP	58	28	1	4
REP	58	29	1	4
REP	58	30	1	4
REP	58	31	1	4
REP	58	32	1	4
REP	58	33	1	4
REP	58	34	1	4
REP	58	35	1	4
REP	58	36	1	4
REP	58	37	1	4
REP	58	38	1	4
REP	58	39	1	4
REP	58	40	1	4
REP	58	41	1	4
REP	58	42	1	4
REP	58	43	1	4
REP	58	44	1	4
REP	58	45	1	4
REP	58	46	1	4
REP	58	47	1	4
REP	58	48	1	4
REP	58	49	1	4
REP	58	50	1	4
REP	58	51	1	4
REP	58	52	1	4
REP	58	53	1	4
REP	58	54	1	4
REP	58	55	1	4
REP	58	56	1	4
REP	58	57	1	4
HAR	58	59	100	3.82847
REP	58	59	1	4
LJ	58	60	2.94444	5.85755
REP	58	61	1	4
REP	58	62	1	4
REP	58	63	1	4
REP	58	64	1	4
REP	58	65	1	4
REP	58	66	1	4
LJ	58	67	0.693147	12.4858
REP	58	68	1	4
REP	58	69	1	4
REP	58	70	1	4
REP	58	71	1	4
REP	58	72	1	4
REP	58	73	1	4
REP	58	74	1	4
REP	58	75	1	4
REP	58	76	1	4
REP	58	77	1	4
REP	58	78	1	4
REP	58	79	1	4
REP	58	80	1	4
REP	58	81	1	4
REP	58	82	1	4
REP	58	83	1	4
REP	59	20	1	4
REP	59	21	1	4
REP	59	22	1	4
REP	59	23	1	4
REP	59	24	1	4
REP	59	25	1	4
REP	59	26	1	4
REP	59	27	1	4
REP	59	28	1	4
REP	59	29	1	4
REP	59	30	1	4
REP	59	31	1	4
REP	59	32	1	4
REP	59	33	1	4
REP	59	34	1	4
REP	59	35	1	4
REP	59	36	1	4
REP	59	37	1	4
REP	59	38	1	4
REP	59	39	1	4
REP	59	40	1	4
REP	59	41	1	4
REP	59	42	1	4
REP	59	43	1	4
REP	59	44	1	4
REP	59	45	1	4
REP	59	46	1	4
REP	59	47	1	4
REP	59	48	1	4
REP	59	49	1	4
REP	59	50	1	4
REP	59	51	1	4
REP	59	52	1	4
REP	59	53	1	4
REP	59	54	1	4
REP	59	55	1	4
REP	59	56	1	4
REP	59	57	1	4
REP	59	58	1	4
HAR	59	60	100	3.83719
REP	59	60	1	4
LJ	59	61	0.693147	6.57459
REP	59	62	1	4
REP	59	63	1	4
REP	59	64	1	4
REP	59	65	1	4
REP	59	66	1	4
REP	59	67	1	4
REP	59	68	1	4
REP	59	69	1	4
REP	59	70	1	4
REP	59	71	1	4
REP	59	72	1	4
REP	59	73	1	4
REP	59	74	1	4
REP	59	75	1	4
REP	59	76	1	4
REP	59	77	1	4
REP	59	78	1	4
REP	59	79	1	4
REP	59	80	1	4
REP	59	81	1	4
REP	59	82	1	4
REP	59	83	1	4
REP	60	20	1	4
REP	60	21	1	4
REP	60	22	1	4
REP	60	23	1	4
REP	60	24	1	4
REP	60	25	1	4
REP	60	26	1	4
REP	60	27	1	4
REP	60	28	1	4
REP	60	29	1	4
REP	60	30	1	4
REP	60	31	1	4
REP	60	32	1	4
REP	60	33	1	4
REP	60	34	1	4
REP	60	35	1	4
REP	60	36	1	4
REP	60	37	1	4
REP	60	38	1	4
REP	60	39	1	4
REP	60	40	1	4
REP	60	41	1	4
REP	60	42	1	4
REP	60	43	1	4
REP	60	44	1	4
REP	60	45	1	4
REP	60	46	1	4
REP	60	47	1	4
REP	60	48	1	4
REP	60	49	1	4
REP	60	50	1	4
REP	60	51	1	4
REP	60	52	1	4
REP	60	53	1	4
REP	60	54	1	4
REP	60	55	1	4
REP	60	56	1	4
REP	60	57	1	4
REP	60	58	1	4
REP	60	59	1	4
HAR	60	61	100	3.84605
REP	60	61	1	4
LJ	60	62	1.38629	6.66042
REP	60	63	1	4
REP	60	64	1	4
LJ	60	65	2.83321	10.5119
REP	60	66	1	4
LJ	60	67	1.38629	12.2614
REP	60	68	1	4
REP	60	69	1	4
REP	60	70	1	4
REP	60	71	1	4
REP	60	72	1	4
REP	60	73	1	4
REP	60	74	1	4
REP	60	75	1	4
REP	60	76	1	4
REP	60	77	1	4
REP	60	78	1	4
REP	60	79	1	4
REP	60	80	1	4
REP	60	81	1	4
REP	60	82	1	4
LJ	60	83	1.09861	7.69028
REP	61	20	1	4
REP	61	21	1	4
REP	61	22	1	4
REP	61	23	1	4
REP	61	24	1	4
REP	61	25	1	4
REP	61	26	1	4
REP	61	27	1	4
REP	61	28	1	4
REP	61	29	1	4
REP	61	30	1	4
REP	61	31	1	4
REP	61	32	1	4
REP	61	33	1	4
REP	61	34	1	4
REP	61	35	1	4
REP	61	36	1	4
REP	61	37	1	4
REP	61	38	1	4
REP	61	39	1	4
REP	61	40	1	4
REP	61	41	1	4
REP	61	42	1	4
REP	61	43	1	4
REP	61	44	1	4
REP	61	45	1	4
REP	61	46	1	4
REP	61	47	1	4
REP	61	48	1	4
REP	61	49	1	4
REP	61	50	1	4
REP	61	51	1	4
REP	61	52	1	4
REP	61	53	1	4
REP	61	54	1	4
REP	61	55	1	4
REP	61	56	1	4
REP	61	57	1	4
REP	61	58	1	4
REP	61	59	1	4
REP	61	60	1	4
HAR	61	62	100	3.85591
REP	61	62	1	4
LJ	61	63	2.83321	6.56446
REP	61	64	1	4
LJ	61	65	1.09861	8.334
REP	61	66	1	4
REP	61	67	1	4
REP	61	68	1	4
REP	61	69	1	4
REP	61	70	1	4
REP	61	71	1	4
REP	61	72	1	4
REP	61	73	1	4
REP	61	74	1	4
REP	61	75	1	4
REP	61	76	1	4
REP	61	77	1	4
REP	61	78	1	4
REP	61	79	1	4
REP	61	80	1	4
REP	61	81	1	4
LJ	61	82	2.07944	8.51659
LJ	61	83	2.99573	4.86526
REP	62	20	1	4
REP	62	21	1	4
REP	62	22	1	4
REP	62	23	1	4
REP	62	24	1	4
REP	62	25	1	4
REP	62	26	1	4
REP	62	27	1	4
REP	62	28	1	4
REP	62	29	1	4
REP	62	30	1	4
REP	62	31	1	4
REP	62	32	1	4
REP	62	33	1	4
REP	62	34	1	4
REP	62	35	1	4
REP	62	36	1	4
REP	62	37	1	4
REP	62	38	1	4
REP	62	39	1	4
REP	62	40	1	4
REP	62	41	1	4
REP	62	42	1	4
REP	62	43	1	4
REP	62	44	1	4
REP	62	45	1	4
REP	62	46	1	4
REP	62	47	1	4
REP	62	48	1	4
REP	62	49	1	4
REP	62	50	1	4
REP	62	51	1	4
REP	62	52	1	4
REP	62	53	1	4
REP	62	54	1	4
REP	62	55	1	4
REP	62	56	1	4
REP	62	57	1	4
REP	62	58	1	4
REP	62	59	1	4
REP	62	60	1	4
REP	62	61	1	4
HAR	62	63	100	3.76476
REP	62	63	1	4
LJ	62	64	3.3322	5.50562
LJ	62	65	3.55535	5.37991
REP	62	66	1	4
REP	62	67	1	4
REP	62	68	1	4
REP	62	69	1	4
REP	62	70	1	4
REP	62	71	1	4
REP	62	72	1	4
REP	62	73	1	4
REP	62	74	1	4
REP	62	75	1	4
REP	62	76	1	4
REP	62	77	1	4
REP	62	78	1	4
REP	62	79	1	4
REP	62	80	1	4
REP	62	81	1	4
LJ	62	82	1.09861	7.3406
LJ	62	83	3.09104	4.69827
REP	63	20	1	4
REP	63	21	1	4
REP	63	22	1	4
REP	63	23	1	4
REP	63	24	1	4
REP	63	25	1	4
REP	63	26	1	4
REP	63	27	1	4
REP	63	28	1	4
REP	63	29	1	4
REP	63	30	1	4
REP	63	31	1	4
REP	63	32	1	4
REP	63	33	1	4
REP	63	34	1	4
REP	63	35	1	4
REP	63	36	1	4
REP	63	37	1	4
REP	63	38	1	4
REP	63	39	1	4
REP	63	40	1	4
REP	63	41	1	4
REP	63	42	1	4
REP	63	43	1	4
REP	63	44	1	4
REP	63	45	1	4
REP	63	46	1	4
REP	63	47	1	4
REP	63	48	1	4
REP	63	49	1	4
REP	63	50	1	4
REP	63	51	1	4
REP	63	52	1	4
REP	63	53	1	4
REP	63	54	1	4
REP	63	55	1	4
REP	63	56	1	4
REP	63	57	1	4
REP	63	58	1	4
REP	63	59	1	4
REP	63	60	1	4
REP	63	61	1	4
REP	63	62	1	4
HAR	63	64	100	3.76437
REP	63	64	1	4
LJ	63	65	2.07944	5.54938
REP	63	66	1	4
REP	63	67	1	4
REP	63	68	1	4
REP	63	69	1	4
REP	63	70	1	4
REP	63	71	1	4
REP	63	72	1	4
REP	63	73	1	4
REP	63	74	1	4
REP	63	75	1	4
REP	63	76	1	4
REP	63	77	1	4
REP	63	78	1	4
REP	63	79	1	4
REP	63	80	1	4
REP	63	81	1	4
LJ	63	82	2.07944	5.99258
REP	63	83	1	4
REP	64	20	1	4
REP	64	21	1	4
REP	64	22	1	4
REP	64	23	1	4
REP	64	24	1	4
REP	64	25	1	4
REP	64	26	1	4
REP	64	27	1	4
REP	64	28	1	4
REP	64	29	1	4
REP	64	30	1	4
REP	64	31	1	4
REP	64	32	1	4
REP	64	33	1	4
REP	64	34	1	4
REP	64	35	1	4
REP	64	36	1	4
REP	64	37	1	4
REP	64	38	1	4
REP	64	39	1	4
REP	64	40	1	4
REP	64	41	1	4
REP	64	42	1	4
REP	64	43	1	4
REP	64	44	1	4
REP	64	45	1	4
REP	64	46	1	4
REP	64	47	1	4
REP	64	48	1	4
REP	64	49	1	4
REP	64	50	1	4
REP	64	51	1	4
REP	64	52	1	4
REP	64	53	1	4
REP	64	54	1	4
REP	64	55	1	4
REP	64	56	1	4
REP	64	57	1	4
REP	64	58	1	4
REP	64	59	1	4
REP	64	60	1	4
REP	64	61	1	4
REP	64	62	1	4
REP	64	63	1	4
HAR	64	65	100	3.82286
REP	64	65	1	4
LJ	64	66	1.09861	6.82131
REP	64	67	1	4
REP	64	68	1	4
REP	64	69	1	4
REP	64	70	1	4
REP	64	71	1	4
REP	64	72	1	4
REP	64	73	1	4
REP	64	74	1	4
REP	64	75	1	4
REP	64	76	1	4
REP	64	77	1	4
REP	64	78	1	4
REP	64	79	1	4
REP	64	80	1	4
REP	64	81	1	4
LJ	64	82	0	6.89663
REP	64	83	1	4
REP	65	20	1	4
REP	65	21	1	4
REP	65	22	1	4
REP	65	23	1	4
REP	65	24	1	4
REP	65	25	1	4
REP	65	26	1	4
REP	65	27	1	4
REP	65	28	1	4
REP	65	29	1	4
REP	65	30	1	4
REP	65	31	1	4
REP	65	32	1	4
REP	65	33	1	4
REP	65	34	1	4
REP	65	35	1	4
REP	65	36	1	4
REP	65	37	1	4
REP	65	38	1	4
REP	65	39	1	4
REP	65	40	1	4
REP	65	41	1	4
REP	65	42	1	4
REP	65	43	1	4
REP	65	44	1	4
REP	65	45	1	4
REP	65	46	1	4
REP	65	47	1	4
REP	65	48	1	4
REP	65	49	1	4
REP	65	50	1	4
REP	65	51	1	4
REP	65	52	1	4
REP	65	53	1	4
REP	65	54	1	4
REP	65	55	1	4
REP	65	56	1	4
REP	65	57	1	4
REP	65	58	1	4
REP	65	59	1	4
REP	65	60	1	4
REP	65	61	1	4
REP	65	62	1	4
REP	65	63	1	4
REP	65	64	1	4
HAR	65	66	100	3.79105
REP	65	66	1	4
LJ	65	67	3.04452	6.45265
REP	65	68	1	4
REP	65	69	1	4
REP	65	70	1	4
REP	65	71	1	4
REP	65	72	1	4
REP	65	73	1	4
REP	65	74	1	4
REP	65	75	1	4
REP	65	76	1	4
REP	65	77	1	4
REP	65	78	1	4
REP	65	79	1	4
REP	65	80	1	4
LJ	65	81	0.693147	8.55753
LJ	65	82	2.19722	5.5793
LJ	65	83	3.55535	5.45196
REP	66	20	1	4
REP	66	21	1	4
REP	66	22	1	4
REP	66	23	1	4
REP	66	24	1	4
REP	66	25	1	4
REP	66	26	1	4
REP	66	27	1	4
REP	66	28	1	4
REP	66	29	1	4
REP	66	30	1	4
REP	66	31	1	4
REP	66	32	1	4
REP	66	33	1	4
REP	66	34	1	4
REP	66	35	1	4
REP	66	36	1	4
REP	66	37	1	4
REP	66	38	1	4
REP	66	39	1	4
REP	66	40	1	4
REP	66	41	1	4
REP	66	42	1	4
REP	66	43	1	4
REP	66	44	1	4
REP	66	45	1	4
REP	66	46	1	4
REP	66	47	1	4
REP	66	48	1	4
REP	66	49	1	4
REP	66	50	1	4
REP	66	51	1	4
REP	66	52	1	4
REP	66	53	1	4
REP	66	54	1	4
REP	66	55	1	4
REP	66	56	1	4
REP	66	57	1	4
REP	66	58	1	4
REP	66	59	1	4
REP	66	60	1	4
REP	66	61	1	4
REP	66	62	1	4
REP	66	63	1	4
REP	66	64	1	4
REP	66	65	1	4
HAR	66	67	100	3.77327
REP	66	67	1	4
LJ	66	68	1.38629	6.52299
REP	66	69	1	4
REP	66	70	1	4
REP	66	71	1	4
REP	66	72	1	4
REP	66	73	1	4
REP	66	74	1	4
REP	66	75	1	4
REP	66	76	1	4
REP	66	77	1	4
REP	66	78	1	4
REP	66	79	1	4
LJ	66	80	0.693147	6.71613
LJ	66	81	2.07944	5.97945
LJ	66	82	1.60944	4.66534
LJ	66	83	1.09861	6.18585
REP	67	20	1	4
REP	67	21	1	4
REP	67	22	1	4
REP	67	23	1	4
REP	67	24	1	4
REP	67	25	1	4
REP	67	26	1	4
REP	67	27	1	4
REP	67	28	1	4
REP	67	29	1	4
REP	67	30	1	4
REP	67	31	1	4
REP	67	32	1	4
REP	67	33	1	4
REP	67	34	1	4
REP	67	35	1	4
REP	67	36	1	4
REP	67	37	1	4
REP	67	38	1	4
REP	67	39	1	4
REP	67	40	1	4
REP	67	41	1	4
REP	67	42	1	4
REP	67	43	1	4
REP	67	44	1	4
REP	67	45	1	4
REP	67	46	1	4
REP	67	47	1	4
REP	67	48	1	4
REP	67	49	1	4
REP	67	50	1	4
REP	67	51	1	4
REP	67	52	1	4
REP	67	53	1	4
REP	67	54	1	4
REP	67	55	1	4
REP	67	56	1	4
REP	67	57	1	4
REP	67	58	1	4
REP	67	59	1	4
REP	67	60	1	4
REP	67	61	1	4
REP	67	62	1	4
REP	67	63	1	4
REP	67	64	1	4
REP	67	65	1	4
REP	67	66	1	4
HAR	67	68	100	3.75614
REP	67	68	1	4
LJ	67	69	2.56495	6.51338
REP	67	70	1	4
REP	67	71	1	4
REP	67	72	1	4
REP	67	73	1	4
REP	67	74	1	4
REP	67	75	1	4
REP	67	76	1	4
REP	67	77	1	4
REP	67	78	1	4
REP	67	79	1	4
LJ	67	80	1.09861	6.26818
LJ	67	81	1.38629	6.83252
REP	67	82	1	4
LJ	67	83	2.89037	7.39012
REP	68	20	1	4
REP	68	21	1	4
REP	68	22	1	4
REP	68	23	1	4
REP	68	24	1	4
REP	68	25	1	4
REP	68	26	1	4
REP	68	27	1	4
REP	68	28	1	4
REP	68	29	1	4
REP	68	30	1	4
REP	68	31	1	4
REP	68	32	1	4
REP	68	33	1	4
REP	68	34	1	4
REP	68	35	1	4
REP	68	36	1	4
REP	68	37	1	4
REP	68	38	1	4
REP	68	39	1	4
REP	68	40	1	4
REP	68	41	1	4
REP	68	42	1	4
REP	68	43	1	4
REP	68	44	1	4
REP	68	45	1	4
REP	68	46	1	4
REP	68	47	1	4
REP	68	48	1	4
REP	68	49	1	4
REP	68	50	1	4
REP	68	51	1	4
REP	68	52	1	4
REP	68	53	1	4
REP	68	54	1	4
REP	68	55	1	4
REP	68	56	1	4
REP	68	57	1	4
REP	68	58	1	4
REP	68	59	1	4
REP	68	60	1	4
REP	68	61	1	4
REP	68	62	1	4
REP	68	63	1	4
REP	68	64	1	4
REP	68	65	1	4
REP	68	66	1	4
REP	68	67	1	4
HAR	68	69	100	3.89452
REP	68	69	1	4
LJ	68	70	2.07944	6.20035
REP	68	71	1	4
REP	68	72	1	4
REP	68	73	1	4
REP	68	74	1	4
REP	68	75	1	4
LJ	68	76	1.60944	6.30717
REP	68	77	1	4
REP	68	78	1	4
REP	68	79	1	4
LJ	68	80	1.09861	5.6535
REP	68	81	1	4
REP	68	82	1	4
REP	68	83	1	4
REP	69	20	1	4
REP	69	21	1	4
REP	69	22	1	4
REP	69	23	1	4
REP	69	24	1	4
REP	69	25	1	4
REP	69	26	1	4
REP	69	27	1	4
REP	69	28	1	4
REP	69	29	1	4
REP	69	30	1	4
REP	69	31	1	4
REP	69	32	1	4
REP	69	33	1	4
REP	69	34	1	4
REP	69	35	1	4
REP	69	36	1	4
REP	69	37	1	4
REP	69	38	1	4
REP	69	39	1	4
REP	69	40	1	4
REP	69	41	1	4
REP	69	42	1	4
REP	69	43	1	4
REP	69	44	1	4
REP	69	45	1	4
REP	69	46	1	4
REP	69	47	1	4
REP	69	48	1	4
REP	69	49	1	4
REP	69	50	1	4
REP	69	51	1	4
REP	69	52	1	4
REP	69	53	1	4
REP	69	54	1	4
REP	69	55	1	4
REP	69	56	1	4
REP	69	57	1	4
REP	69	58	1	4
REP	69	59	1	4
REP	69	60	1	4
REP	69	61	1	4
REP	69	62	1	4
REP	69	63	1	4
REP	69	64	1	4
REP	69	65	1	4
REP	69	66	1	4
REP	69	67	1	4
REP	69	68	1	4
HAR	69	70	100	3.84958
REP	69	70	1	4
LJ	69	71	0.693147	7.06436
REP	69	72	1	4
REP	69	73	1	4
REP	69	74	1	4
LJ	69	75	1.09861	8.34396
LJ	69	76	2.07944	5.88075
LJ	69	77	1.94591	5.86258
LJ	69	78	3.21888	6.10823
REP	69	79	1	4
REP	69	80	1	4
REP	69	81	1	4
REP	69	82	1	4
REP	69	83	1	4
REP	70	20	1	4
REP	70	21	1	4
REP	70	22	1	4
REP	70	23	1	4
REP	70	24	1	4
REP	70	25	1	4
REP	70	26	1	4
REP	70	27	1	4
REP	70	28	1	4
REP	70	29	1	4
REP	70	30	1	4
REP	70	31	1	4
REP	70	32	1	4
REP	70	33	1	4
REP	70	34	1	4
REP	70	35	1	4
REP	70	36	1	4
REP	70	37	1	4
REP	70	38	1	4
REP	70	39	1	4
REP	70	40	1	4
REP	70	41	1	4
REP	70	42	1	4
REP	70	43	1	4
REP	70	44	1	4
REP	70	45	1	4
REP	70	46	1	4
REP	70	47	1	4
REP	70	48	1	4
REP	70	49	1	4
REP	70	50	1	4
REP	70	51	1	4
REP	70	52	1	4
REP	70	53	1	4
REP	70	54	1	4
REP	70	55	1	4
REP	70	56	1	4
REP	70	57	1	4
REP	70	58	1	4
REP	70	59	1	4
REP	70	60	1	4
REP	70	61	1	4
REP	70	62	1	4
REP	70	63	1	4
REP	70	64	1	4
REP	70	65	1	4
REP	70	66	1	4
REP	70	67	1	4
REP	70	68	1	4
REP	70	69	1	4
HAR	70	71	100	3.73109
REP	70	71	1	4
LJ	70	72	0.693147	6.82489
REP	70	73	1	4
LJ	70	74	2.83321	4.95795
LJ	70	75	2.83321	5.21793
LJ	70	76	2.19722	4.54367
LJ	70	77	1.94591	5.07879
REP	70	78	1	4
REP	70	79	1	4
REP	70	80	1	4
REP	70	81	1	4
REP	70	82	1	4
REP	70	83	1	4
REP	71	20	1	4
REP	71	21	1	4
REP	71	22	1	4
REP	71	23	1	4
REP	71	24	1	4
REP	71	25	1	4
REP	71	26	1	4
REP	71	27	1	4
REP	71	28	1	4
REP	71	29	1	4
REP	71	30	1	4
REP	71	31	1	4
REP	71	32	1	4
REP	71	33	1	4
REP	71	34	1	4
REP	71	35	1	4
REP	71	36	1	4
REP	71	37	1	4
REP	71	38	1	4
REP	71	39	1	4
REP	71	40	1	4
REP	71	41	1	4
REP	71	42	1	4
REP	71	43	1	4
REP	71	44	1	4
REP	71	45	1	4
REP	71	46	1	4
REP	71	47	1	4
REP	71	48	1	4
REP	71	49	1	4
REP	71	50	1	4
REP	71	51	1	4
REP	71	52	1	4
REP	71	53	1	4
REP	71	54	1	4
REP	71	55	1	4
REP	71	56	1	4
REP	71	57	1	4
REP	71	58	1	4
REP	71	59	1	4
REP	71	60	1	4
REP	71	61	1	4
REP	71	62	1	4
REP	71	63	1	4
REP	71	64	1	4
REP	71	65	1	4
REP	71	66	1	4
REP	71	67	1	4
REP	71	68	1	4
REP	71	69	1	4
REP	71	70	1	4
HAR	71	72	100	3.90707
REP	71	72	1	4
LJ	71	73	3.21888	5.41803
LJ	71	74	2.89037	5.1213
LJ	71	75	3.49651	5.54908
REP	71	76	1	4
LJ	71	77	1.38629	5.76693
REP	71	78	1	4
REP	71	79	1	4
REP	71	80	1	4
REP	71	81	1	4
REP	71	82	1	4
REP	71	83	1	4
REP	72	20	1	4
REP	72	21	1	4
REP	72	22	1	4
REP	72	23	1	4
REP	72	24	1	4
REP	72	25	1	4
REP	72	26	1	4
REP	72	27	1	4
REP	72	28	1	4
REP	72	29	1	4
REP	72	30	1	4
REP	72	31	1	4
REP	72	32	1	4
REP	72	33	1	4
REP	72	34	1	4
REP	72	35	1	4
REP	72	36	1	4
REP	72	37	1	4
REP	72	38	1	4
REP	72	39	1	4
REP	72	40	1	4
REP	72	41	1	4
REP	72	42	1	4
REP	72	43	1	4
REP	72	44	1	4
REP	72	45	1	4
REP	72	46	1	4
REP	72	47	1	4
REP	72	48	1	4
REP	72	49	1	4
REP	72	50	1	4
REP	72	51	1	4
REP	72	52	1	4
REP	72	53	1	4
REP	72	54	1	4
REP	72	55	1	4
REP	72	56	1	4
REP	72	57	1	4
REP	72	58	1	4
REP	72	59	1	4
REP	72	60	1	4
REP	72	61	1	4
REP	72	62	1	4
REP	72	63	1	4
REP	72	64	1	4
REP	72	65	1	4
REP	72	66	1	4
REP	72	67	1	4
REP	72	68	1	4
REP	72	69	1	4
REP	72	70	1	4
REP	72	71	1	4
HAR	72	73	100	3.73512
REP	72	73	1	4
LJ	72	74	1.94591	5.41489
REP	72	75	1	4
REP	72	76	1	4
REP	72	77	1	4
REP	72	78	1	4
REP	72	79	1	4
REP	72	80	1	4
REP	72	81	1	4
REP	72	82	1	4
REP	72	83	1	4
REP	73	20	1	4
REP	73	21	1	4
REP	73	22	1	4
REP	73	23	1	4
REP	73	24	1	4
REP	73	25	1	4
REP	73	26	1	4
REP	73	27	1	4
REP	73	28	1	4
REP	73	29	1	4
REP	73	30	1	4
REP	73	31	1	4
REP	73	32	1	4
REP	73	33	1	4
REP	73	34	1	4
REP	73	35	1	4
REP	73	36	1	4
REP	73	37	1	4
REP	73	38	1	4
REP	73	39	1	4
REP	73	40	1	4
REP	73	41	1	4
REP	73	42	1	4
REP	73	43	1	4
REP	73	44	1	4
REP	73	45	1	4
REP	73	46	1	4
REP	73	47	1	4
REP	73	48	1	4
REP	73	49	1	4
REP	73	50	1	4
REP	73	51	1	4
REP	73	52	1	4
REP	73	53	1	4
REP	73	54	1	4
REP	73	55	1	4
REP	73	56	1	4
REP	73	57	1	4
REP	73	58	1	4
REP	73	59	1	4
REP	73	60	1	4
REP	73	61	1	4
REP	73	62	1	4
REP	73	63	1	4
REP	73	64	1	4
REP	73	65	1	4
REP	73	66	1	4
REP	73	67	1	4
REP	73	68	1	4
REP	73	69	1	4
REP	73	70	1	4
REP	73	71	1	4
REP	73	72	1	4
HAR	73	74	100	3.83722
REP	73	74	1	4
LJ	73	75	2.99573	5.51103
REP	73	76	1	4
REP	73	77	1	4
REP	73	78	1	4
REP	73	79	1	4
REP	73	80	1	4
REP	73	81	1	4
REP	73	82	1	4
REP	73	83	1	4
REP	74	20	1	4
REP	74	21	1	4
REP	74	22	1	4
REP	74	23	1	4
REP	74	24	1	4
REP	74	25	1	4
REP	74	26	1	4
REP	74	27	1	4
REP	74	28	1	4
REP	74	29	1	4
REP	74	30	1	4
REP	74	31	1	4
REP	74	32	1	4
REP	74	33	1	4
REP	74	34	1	4
REP	74	35	1	4
REP	74	36	1	4
REP	74	37	1	4
REP	74	38	1	4
REP	74	39	1	4
REP	74	40	1	4
REP	74	41	1	4
REP	74	42	1	4
REP	74	43	1	4
REP	74	44	1	4
REP	74	45	1	4
REP	74	46	1	4
REP	74	47	1	4
REP	74	48	1	4
REP	74	49	1	4
REP	74	50	1	4
REP	74	51	1	4
REP	74	52	1	4
REP	74	53	1	4
REP	74	54	1	4
REP	74	55	1	4
REP	74	56	1	4
REP	74	57	1	4
REP	74	58	1	4
REP	74	59	1	4
REP	74	60	1	4
REP	74	61	1	4
REP	74	62	1	4
REP	74	63	1	4
REP	74	64	1	4
REP	74	65	1	4
REP	74	66	1	4
REP	74	67	1	4
REP	74	68	1	4
REP	74	69	1	4
REP	74	70	1	4
REP	74	71	1	4
REP	74	72	1	4
REP	74	73	1	4
HAR	74	75	100	3.86151
REP	74	75	1	4
LJ	74	76	0.693147	6.52035
REP	74	77	1	4
REP	74	78	1	4
REP	74	79	1	4
REP	74	80	1	4
REP	74	81	1	4
REP	74	82	1	4
REP	74	83	1	4
REP	75	20	1	4
REP	75	21	1	4
REP	75	22	1	4
REP	75	23	1	4
REP	75	24	1	4
REP	75	25	1	4
REP	75	26	1	4
REP	75	27	1	4
REP	75	28	1	4
REP	75	29	1	4
REP	75	30	1	4
REP	75	31	1	4
REP	75	32	1	4
REP	75	33	1	4
REP	75	34	1	4
REP	75	35	1	4
REP	75	36	1	4
REP	75	37	1	4
REP	75	38	1	4
REP	75	39	1	4
REP	75	40	1	4
REP	75	41	1	4
REP	75	42	1	4
REP	75	43	1	4
REP	75	44	1	4
REP	75	45	1	4
REP	75	46	1	4
REP	75	47	1	4
REP	75	48	1	4
REP	75	49	1	4
REP	75	50	1	4
REP	75	51	1	4
REP	75	52	1	4
REP	75	53	1	4
REP	75	54	1	4
REP	75	55	1	4
REP	75	56	1	4
REP	75	57	1	4
REP	75	58	1	4
REP	75	59	1	4
REP	75	60	1	4
REP	75	61	1	4
REP	75	62	1	4
REP	75	63	1	4
REP	75	64	1	4
REP	75	65	1	4
REP	75	66	1	4
REP	75	67	1	4
REP	75	68	1	4
REP	75	69	1	4
REP	75	70	1	4
REP	75	71	1	4
REP	75	72	1	4
REP	75	73	1	4
REP	75	74	1	4
HAR	75	76	100	3.82046
REP	75	76	1	4
LJ	75	77	1.60944	6.07215
REP	75	78	1	4
REP	75	79	1	4
REP	75	80	1	4
REP	75	81	1	4
REP	75	82	1	4
REP	75	83	1	4
REP	76	20	1	4
REP	76	21	1	4
REP	76	22	1	4
REP	76	23	1	4
REP	76	24	1	4
REP	76	25	1	4
REP	76	26	1	4
REP	76	27	1	4
REP	76	28	1	4
REP	76	29	1	4
REP	76	30	1	4
REP	76	31	1	4
REP	76	32	1	4
REP	76	33	1	4
REP	76	34	1	4
REP	76	35	1	4
REP	76	36	1	4
REP	76	37	1	4
REP	76	38	1	4
REP	76	39	1	4
REP	76	40	1	4
REP	76	41	1	4
REP	76	42	1	4
REP	76	43	1	4
REP	76	44	1	4
REP	76	45	1	4
REP	76	46	1	4
REP	76	47	1	4
REP	76	48	1	4
REP	76	49	1	4
REP	76	50	1	4
REP	76	51	1	4
REP	76	52	1	4
REP	76	53	1	4
REP	76	54	1	4
REP	76	55	1	4
REP	76	56	1	4
REP	76	57	1	4
REP	76	58	1	4
REP	76	59	1	4
REP	76	60	1	4
REP	76	61	1	4
REP	76	62	1	4
REP	76	63	1	4
REP	76	64	1	4
REP	76	65	1	4
REP	76	66	1	4
REP	76	67	1	4
REP	76	68	1	4
REP	76	69	1	4
REP	76	70	1	4
REP	76	71	1	4
REP	76	72	1	4
REP	76	73	1	4
REP	76	74	1	4
REP	76	75	1	4
HAR	76	77	100	3.84397
REP	76	77	1	4
LJ	76	78	2.3979	5.8449
REP	76	79	1	4
LJ	76	80	1.09861	7.88837
REP	76	81	1	4
REP	76	82	1	4
REP	76	83	1	4
REP	77	20	1	4
REP	77	21	1	4
REP	77	22	1	4
REP	77	23	1	4
REP	77	24	1	4
REP	77	25	1	4
REP	77	26	1	4
REP	77	27	1	4
REP	77	28	1	4
REP	77	29	1	4
REP	77	30	1	4
REP	77	31	1	4
REP	77	32	1	4
REP	77	33	1	4
REP	77	34	1	4
REP	77	35	1	4
REP	77	36	1	4
REP	77	37	1	4
REP	77	38	1	4
REP	77	39	1	4
REP	77	40	1	4
REP	77	41	1	4
REP	77	42	1	4
REP	77	43	1	4
REP	77	44	1	4
REP	77	45	1	4
REP	77	46	1	4
REP	77	47	1	4
REP	77	48	1	4
REP	77	49	1	4
REP	77	50	1	4
REP	77	51	1	4
REP	77	52	1	4
REP	77	53	1	4
REP	77	54	1	4
REP	77	55	1	4
REP	77	56	1	4
REP	77	57	1	4
REP	77	58	1	4
REP	77	59	1	4
REP	77	60	1	4
REP	77	61	1	4
REP	77	62	1	4
REP	77	63	1	4
REP	77	64	1	4
REP	77	65	1	4
REP	77	66	1	4
REP	77	67	1	4
REP	77	68	1	4
REP	77	69	1	4
REP	77	70	1	4
REP	77	71	1	4
REP	77	72	1	4
REP	77	73	1	4
REP	77	74	1	4
REP	77	75	1	4
REP	77	76	1	4
HAR	77	78	100	3.71539
REP	77	78	1	4
LJ	77	79	0.693147	7.02614
REP	77	80	1	4
REP	77	81	1	4
REP	77	82	1	4
REP	77	83	1	4
REP	78	20	1	4
REP	78	21	1	4
REP	78	22	1	4
REP	78	23	1	4
REP	78	24	1	4
REP	78	25	1	4
REP	78	26	1	4
REP	78	27	1	4
REP	78	28	1	4
REP	78	29	1	4
REP	78	30	1	4
REP	78	31	1	4
REP	78	32	1	4
REP	78	33	1	4
REP	78	34	1	4
REP	78	35	1	4
REP	78	36	1	4
REP	78	37	1	4
REP	78	38	1	4
REP	78	39	1	4
REP	78	40	1	4
REP	78	41	1	4
REP	78	42	1	4
REP	78	43	1	4
REP	78	44	1	4
REP	78	45	1	4
REP	78	46	1	4
REP	78	47	1	4
REP	78	48	1	4
REP	78	49	1	4
REP	78	50	1	4
REP	78	51	1	4
REP	78	52	1	4
REP	78	53	1	4
REP	78	54	1	4
REP	78	55	1	4
REP	78	56	1	4
REP	78	57	1	4
REP	78	58	1	4
REP	78	59	1	4
REP	78	60	1	4
REP	78	61	1	4
REP	78	62	1	4
REP	78	63	1	4
REP	78	64	1	4
REP	78	65	1	4
REP	78	66	1	4
REP	78	67	1	4
REP	78	68	1	4
REP	78	69	1	4
REP	78	70	1	4
REP	78	71	1	4
REP	78	72	1	4
REP	78	73	1	4
REP	78	74	1	4
REP	78	75	1	4
REP	78	76	1	4
REP	78	77	1	4
HAR	78	79	100	3.78174
REP	78	79	1	4
LJ	78	80	2.19722	6.22816
REP	78	81	1	4
REP	78	82	1	4
REP	78	83	1	4
REP	79	20	1	4
REP	79	21	1	4
REP	79	22	1	4
REP	79	23	1	4
REP	79	24	1	4
REP	79	25	1	4
REP	79	26	1	4
REP	79	27	1	4
REP	79	28	1	4
REP	79	29	1	4
REP	79	30	1	4
REP	79	31	1	4
REP	79	32	1	4
REP	79	33	1	4
REP	79	34	1	4
REP	79	35	1	4
REP	79	36	1	4
REP	79	37	1	4
REP	79	38	1	4
REP	79	39	1	4
REP	79	40	1	4
REP	79	41	1	4
REP	79	42	1	4
REP	79	43	1	4
REP	79	44	1	4
REP	79	45	1	4
REP	79	46	1	4
REP	79	47	1	4
REP	79	48	1	4
REP	79	49	1	4
REP	79	50	1	4
REP	79	51	1	4
REP	79	52	1	4
REP	79	53	1	4
REP	79	54	1	4
REP	79	55	1	4
REP	79	56	1	4
REP	79	57	1	4
REP	79	58	1	4
REP	79	59	1	4
REP	79	60	1	4
REP	79	61	1	4
REP	79	62	1	4
REP	79	63	1	4
REP	79	64	1	4
REP	79	65	1	4
REP	79	66	1	4
REP	79	67	1	4
REP	79	68	1	4
REP	79	69	1	4
REP	79	70	1	4
REP	79	71	1	4
REP	79	72	1	4
REP	79	73	1	4
REP	79	74	1	4
REP	79	75	1	4
REP	79	76	1	4
REP	79	77	1	4
REP	79	78	1	4
HAR	79	80	100	3.79813
REP	79	80	1	4
LJ	79	81	3.2581	6.39324
REP	79	82	1	4
REP	79	83	1	4
REP	80	20	1	4
REP	80	21	1	4
REP	80	22	1	4
REP	80	23	1	4
REP	80	24	1	4
REP	80	25	1	4
REP	80	26	1	4
REP	80	27	1	4
REP	80	28	1	4
REP	80	29	1	4
REP	80	30	1	4
REP	80	31	1	4
REP	80	32	1	4
REP	80	33	1	4
REP	80	34	1	4
REP	80	35	1	4
REP	80	36	1	4
REP	80	37	1	4
REP	80	38	1	4
REP	80	39	1	4
REP	80	40	1	4
REP	80	41	1	4
REP	80	42	1	4
REP	80	43	1	4
REP	80	44	1	4
REP	80	45	1	4
REP	80	46	1	4
REP	80	47	1	4
REP	80	48	1	4
REP	80	49	1	4
REP	80	50	1	4
REP	80	51	1	4
REP	80	52	1	4
REP	80	53	1	4
REP	80	54	1	4
REP	80	55	1	4
REP	80	56	1	4
REP	80	57	1	4
REP	80	58	1	4
REP	80	59	1	4
REP	80	60	1	4
REP	80	61	1	4
REP	80	62	1	4
REP	80	63	1	4
REP	80	64	1	4
REP	80	65	1	4
REP	80	66	1	4
REP	80	67	1	4
REP	80	68	1	4
REP	80	69	1	4
REP	80	70	1	4
REP	80	71	1	4
REP	80	72	1	4
REP	80	73	1	4
REP	80	74	1	4
REP	80	75	1	4
REP	80	76	1	4
REP	80	77	1	4
REP	80	78	1	4
REP	80	79	1	4
HAR	80	81	100	3.83645
REP	80	81	1	4
LJ	80	82	0.693147	7.05248
REP	80	83	1	4
REP	81	20	1	4
REP	81	21	1	4
REP	81	22	1	4
REP	81	23	1	4
REP	81	24	1	4
REP	81	25	1	4
REP	81	26	1	4
REP	81	27	1	4
REP	81	28	1	4
REP	81	29	1	4
REP	81	30	1	4
REP	81	31	1	4
REP	81	32	1	4
REP	81	33	1	4
REP	81	34	1	4
REP	81	35	1	4
REP	81	36	1	4
REP	81	37	1	4
REP	81	38	1	4
REP	81	39	1	4
REP	81	40	1	4
REP	81	41	1	4
REP	81	42	1	4
REP	81	43	1	4
REP	81	44	1	4
REP	81	45	1	4
REP	81	46	1	4
REP	81	47	1	4
REP	81	48	1	4
REP	81	49	1	4
REP	81	50	1	4
REP	81	51	1	4
REP	81	52	1	4
REP	81	53	1	4
REP	81	54	1	4
REP	81	55	1	4
REP	81	56	1	4
REP	81	57	1	4
REP	81	58	1	4
REP	81	59	1	4
REP	81	60	1	4
REP	81	61	1	4
REP	81	62	1	4
REP	81	63	1	4
REP	81	64	1	4
REP	81	65	1	4
REP	81	66	1	4
REP	81	67	1	4
REP	81	68	1	4
REP	81	69	1	4
REP	81	70	1	4
REP	81	71	1	4
REP	81	72	1	4
REP	81	73	1	4
REP	81	74	1	4
REP	81	75	1	4
REP	81	76	1	4
REP	81	77	1	4
REP	81	78	1	4
REP	81	79	1	4
REP	81	80	1	4
HAR	81	82	100	3.82155
REP	81	82	1	4
LJ	81	83	1.38629	6.49342
REP	82	20	1	4
REP	82	21	1	4
REP	82	22	1	4
REP	82	23	1	4
REP	82	24	1	4
REP	82	25	1	4
REP	82	26	1	4
REP	82	27	1	4
REP	82	28	1	4
REP	82	29	1	4
REP	82	30	1	4
REP	82	31	1	4
REP	82	32	1	4
REP	82	33	1	4
REP	82	34	1	4
REP	82	35	1	4
REP	82	36	1	4
REP	82	37	1	4
REP	82	38	1	4
REP	82	39	1	4
REP	82	40	1	4
REP	82	41	1	4
REP	82	42	1	4
REP	82	43	1	4
REP	82	44	1	4
REP	82	45	1	4
REP	82	46	1	4
REP	82	47	1	4
REP	82	48	1	4
REP	82	49	1	4
REP	82	50	1	4
REP	82	51	1	4
REP	82	52	1	4
REP	82	53	1	4
REP	82	54	1	4
REP	82	55	1	4
REP	82	56	1	4
REP	82	57	1	4
REP	82	58	1	4
REP	82	59	1	4
REP	82	60	1	4
REP	82	61	1	4
REP	82	62	1	4
REP	82	63	1	4
REP	82	64	1	4
REP	82	65	1	4
REP	82	66	1	4
REP	82	67	1	4
REP	82	68	1	4
REP	82	69	1	4
REP	82	70	1	4
REP	82	71	1	4
REP	82	72	1	4
REP	82	73	1	4
REP	82	74	1	4
REP	82	75	1	4
REP	82	76	1	4
REP	82	77	1	4
REP	82	78	1	4
REP	82	79	1	4
REP	82	80	1	4
REP	82	81	1	4
HAR	82	83	100	3.84084
REP	82	83	1	4
REP	83	20	1	4
REP	83	21	1	4
REP	83	22	1	4
REP	83	23	1	4
REP	83	24	1	4
REP	83	25	1	4
REP	83	26	1	4
REP	83	27	1	4
REP	83	28	1	4
REP	83	29	1	4
REP	83	30	1	4
REP	83	31	1	4
REP	83	32	1	4
REP	83	33	1	4
REP	83	34	1	4
REP	83	35	1	4
REP	83	36	1	4
REP	83	37	1	4
REP	83	38	1	4
REP	83	39	1	4
REP	83	40	1	4
REP	83	41	1	4
REP	83	42	1	4
REP	83	43	1	4
REP	83	44	1	4
REP	83	45	1	4
REP	83	46	1	4
REP	83	47	1	4
REP	83	48	1	4
REP	83	49	1	4
REP	83	50	1	4
REP	83	51	1	4
REP	83	52	1	4
REP	83	53	1	4
REP	83	54	1	4
REP	83	55	1	4
REP	83	56	1	4
REP	83	57	1	4
REP	83	58	1	4
REP	83	59	1	4
REP	83	60	1	4
REP	83	61	1	4
REP	83	62	1	4
REP	83	63	1	4
REP	83	64	1	4
REP	83	65	1	4
REP	83	66	1	4
REP	83	67	1	4
REP	83	68	1	4
REP	83	69	1	4
REP	83	70	1	4
REP	83	71	1	4
REP	83	72	1	4
REP	83	73	1	4
REP	83	74	1	4
REP	83	75	1	4
REP	83	76	1	4
REP	83	77	1	4
REP	83	78	1	4
REP	83	79	1	4
REP	83	80	1	4
REP	83	81	1	4
REP	83	82	1	4
