Molecule data file = molecule.json
         Auto pair = ON
Pair Result:
Molecule1: 
 -2.66667  0.666667 -0.666667
  1.33333  -1.33333 -0.666667
  1.33333  0.666667   1.33333
Molecule2: 
0.666667 0.666667  2.66667
0.666667 -1.33333 -1.33333
-1.33333 0.666667 -1.33333
-----------------------------------------------
The structure of molecule1:
 -1.66667  -1.66667 -0.666667
 0.111111  0.111111   2.44444
 0.111111  -1.88889  -1.55556
  1.88889 -0.111111   1.55556
 -1.88889  0.111111  -1.55556
-0.111111   1.88889   1.55556
-0.111111 -0.111111  -2.44444
  1.66667   1.66667  0.666667
-----------------------------------------------
The structure of molecule2:
-1 -1 -2
 1  1  2
 1 -1 -2
 1 -1  2
-1  1 -2
-1  1  2
 1  1 -2
-1 -1  2
-----------------------------------------------
R.M.S = 
1.41421
2.44949
4.24264
4.69042
-----------------------------------------------
Eigen Values = 
 16
 48
144
176
-----------------------------------------------
Eigen Vectors = 
  -0.942809           0    0.333333           0
   0.235702    0.235702    0.666667   -0.666667
  -0.235702    0.235702   -0.666667   -0.666667
2.20794e-17    0.942809   6.245e-17    0.333333
-----------------------------------------------
After the rotation, the structure of molecule1:
-1 -1 -2
-1 -1  2
 1 -1 -2
 1 -1  2
-1  1 -2
-1  1  2
 1  1 -2
 1  1  2
